0.890234 0 0 0 0 0 0 0 0 0.589158 0 0 0 0 0 0 0 0 0 0.875537 0.258621 0.0215704 0.980642 0 0 0 0 0 0.930995 0 0 0 0 0 0 0 0 0.489843 0 0 0 0 0 0 0 0 0 0 0 0 0 0 0 0 0 0 0 0 0 0 0 0 0 0 0 0 0 0 0 0 0 0 0 0 0 0 0 0 0 0 0 0 0 0 0.594268 0.483534 0.273565 0.52055 0.513093 0 0.778641 0.471496 0.84077 
0.665803 0 0 0 0 0 0 0 0 0.109141 0 0 0 0 0 0 0 0 0 0.275973 0.892292 0.0714168 0.717549 0 0 0 0 0 0.969513 0 0 0 0 0 0 0 0 0.490332 0 0 0 0 0 0 0 0 0 0 0 0 0 0 0 0 0 0 0 0 0 0 0 0 0 0 0 0 0 0 0 0 0 0 0 0 0 0 0 0 0 0 0 0 0 0 0 0.899132 0.51886 0.0566636 0 0 0.792002 0.356104 0.348656 
0.740415 0.00583144 0.0524713 0.0722376 0.0179248 0 0.0055521 0.0341999 0.00521748 0.931548 0.104967 0.0103122 0 0.0111207 0.0154455 0.0159966 0 0.00600908 0.0527824 0.486301 0.180583 0.224766 0.57643 0.430969 0.0290905 0.131551 0.079781 0.0101612 0.466855 0.159784 0 0 0 0 0 0 0 0.852144 0 0 0 0 0 0 0.00674219 0 0 0 0 0 0 0 0 0 0 0.00476934 0 0 0 0 0 0 0 0 0 0 0 0 0 0 0 0 0 0 0 0 0 0 0 0 0 0 0 0 0 0.0119616 0.607005 0.535073 0 0 0 0 0.852702 
0.997001 0.00287294 0.0874472 0.0597069 0.0265591 0 0.0100688 0.0412306 0.00481251 0.636275 0.088528 0.0155612 0 0.00522356 0.0116006 0.00706117 0 0.0110897 0.180788 0.36599 0.955568 0.750144 0.53846 0.289199 0.0951348 0.0987081 0.0375103 0.006164 0.11112 0.190133 0 0 0 0 0 0 0 0.126262 0 0 0 0 0 0 0.00945493 0 0 0 0 0 0 0 0 0 0 0.00444704 0 0 0 0 0 0 0 0 0 0 0 0 0 0 0 0 0 0 0 0 0 0 0 0 0 0 0 0 0 0.0665375 0.312236 0.10353 0 0 0.208014 0.65484 0.759627 
0.557436 0.000484033 0.00961576 0.00938611 0.0057471 0 0.000966994 0.00350344 0.00198084 0.695437 0.0088767 0.0012902 0 0.00173894 0.00198388 0.000919939 0 0.00110497 0.0138833 0.628521 0.0938525 0.3608 0.432984 0.0186135 0.00813327 0.0157142 0.00430003 0.00183893 0.699784 0.0188486 0 0 0 0 0 0 0 0.981892 0 0 0 0 0 0 0.000143173 0 0 0 0 0 0 0 0 0 0 0.00081234 0 0 0 0 0 0 0 0 0 0 0 0 0 0 0 0 0 0 0 0 0 0 0 0 0 0 0 0 0 0.993081 0.911571 0.101575 0 0 0.0491325 0.0765211 0.754738 
0.94181 0.438449 3.61396e-06 4.54491e-06 4.16914e-06 1.19271e-07 3.16852e-07 2.87234e-07 0 0.0834572 7.76248e-07 1.23874e-06 0 0 4.74564e-06 0 0 0 2.07119e-06 0.632755 0.379695 0.243129 0.697166 0.40478 1.83924e-05 0.0285238 7.40013e-06 0.0360041 0.0438193 0.13191 0.0772275 0 0 0 0 0 0 0.74968 0 0 0 0 0 2.03544e-07 0 0 0 3.6197e-07 0 0 0 0 0 0 0 0 0 0 0 0 0 0 0 0 0 0 0 0 0 0 0 0 0 0 0 0 0 0 0 0 0 0 0 6.95564e-07 0.829443 0.218789 0.567953 0.587915 0 0.793864 0 0.47523 0.523552 
0.457118 0.000982442 0.0148753 0.00785108 0.00889485 0.0188481 0.00233059 0.00191875 0.00116434 0.948584 0.0105956 0.00282395 0.0162908 0.00715763 0.0120164 0.00238318 0.00142547 0.0143313 0.00944747 0.708399 0.0727767 0.0460848 0.689434 0.454656 0.222737 0.00565756 0.173156 0.0718996 0.190507 0.10313 0 0 0 0 2.93249e-06 1.02774e-05 0 0.940602 0.000587562 3.93302e-07 1.29222e-05 0 1.99302e-05 5.10803e-06 3.5707e-05 0 1.64436e-07 0 0 8.08336e-06 0 0 0 0 0 0 0 0 0 5.49263e-07 0 0 0 0 0 1.00881e-07 3.71382e-06 0 0 0 0 0 0 0.000142248 4.97367e-06 0 0 0 0.000549818 0 0 3.88053e-07 0.000177612 2.59775e-07 0.256743 0 0.220709 0 0 0.47143 0.565446 0 0.180522 
0.415862 0 0 0 0 0 0 0 0 0.929061 0 0 0 0 0 0 0 0 0 0.106702 0.295494 0.890183 0.651825 0 0 0 0 0 0.257335 0 0 0 0 0 0 0 0 0.815002 0 0 0 0 0 0 0 0 0 0 0 0 0 0 0 0 0 0 0 0 0 0 0 0 0 0 0 0 0 0 0 0 0 0 0 0 0 0 0 0 0 0 0 0 0 0 0 0.827416 0.870932 0.379109 0 0 0.983479 0.484951 0.103624 
0.78132 0 0 1.00405e-07 0 0 0 0 0 0.115797 2.85593e-07 0 0 0 0 0 0 0 4.55628e-07 0.731637 0.74907 0.672304 0.301931 0 3.68769e-07 0 0 0 0.509289 5.20886e-07 0 0 0 0 0 0 0 0.606183 0 0 0 0 0 0 0 0 0 0 0 0 0 0 0 0 0 0 0 0 0 0 0 0 0 0 0 0 0 0 0 0 0 0 0 0 0 0 0 0 0 0 0 0 0 0 0 0.385871 0.5052 0.0654069 0 0 0.317665 0.147365 0.299542 
0.558408 0 0 0 0 0 0 0 0 0.151103 0 0 0 0 0 0 0 0 0 0.213472 0.0912495 0.414334 0.948248 0 0 0 0 0 0.143473 0 0 0 0 0 0 0 0 0.217719 0 0 0 0 0 0 0 0 0 0 0 0 0 0 0 0 0 0 0 0 0 0 0 0 0 0 0 0 0 0 0 0 0 0 0 0 0 0 0 0 0 0 0 0 0 0 0 0.504005 0.122166 0.575626 0 0 0.14024 0.809311 0.356797 
0.87691 0 2.58897e-07 2.18645e-07 0 0 0 0 0 0.459923 2.64574e-06 0 0 0 0 0 0 0 1.53317e-06 0.961451 0.681406 0.0240331 0.636127 4.54772e-07 7.75348e-07 0 0 0 0.225604 2.87112e-06 0 0 0 0 0 0 0 0.518191 0 0 0 0 0 0 0 0 0 0 0 0 0 0 0 0 0 0 0 0 0 0 0 0 0 0 0 0 0 0 0 0 0 0 0 0 0 0 0 0 0 0 0 0 0 0 0 0.335288 0.753306 0 0 0 0 0.652436 0.69882 
0.504533 0.00014519 0.151782 0.00423275 0.000520575 0.000156293 0.000308365 0.104054 6.45847e-05 0.0334304 0.398861 0.0305999 0.0263956 0.00156485 0.0343351 0.0139343 0.000152441 0.000254437 0.841658 0.647746 0.180822 0.0258733 0.849998 0.603236 0.000372673 0.0242629 0.841626 0.000152476 0.201049 0.753944 6.91004e-06 0 0 0 0 1.85716e-05 9.71111e-06 0.944162 8.80543e-07 2.34666e-05 0 0 0.00251092 0 1.74194e-05 3.90436e-07 4.49528e-06 0.0112232 0 1.62299e-06 0 0 0 0 0 0 0 0 0 0.000556988 0 0 1.62466e-06 0 0 0 0 0 0.0628321 0 0 0 0.654228 0 0 0 0.00969963 0 0 0 2.62994e-06 6.9292e-05 1.4422e-07 0.000806982 0.0246741 0 0.793151 0.293671 0.583136 0.618546 0 0.866092 0.723845 
0.363559 0 0 0 0 0 0 0 0 0.335859 0 0 0 0 0 0 0 0 0 0.221893 0.726165 0.690766 0.498272 0 0 0 0 0 0.947518 0 0 0 0 0 0 0 0 0.372566 0 0 0 0 0 0 0 0 0 0 0 0 0 0 0 0 0 0 0 0 0 0 0 0 0 0 0 0 0 0 0 0 0 0 0 0 0 0 0 0 0 0 0 0 0 0 0.989189 0.0498175 0.101437 0.386279 0 0 0.661272 0.966112 0.47112 
0.537379 0 0 0 0 0 3.3753e-06 0 0 0.881214 0 0 0 0 0 0 0 0 0 0.670444 0.035859 0.741628 0.860521 1.63967e-05 0 0 0 0 0.248057 0 0 0 0 0 0 0 0 0.175045 0 0 0 0 0 0 0 0 0 0 0 0 0 0 0 0 0 0 0 0 0 0 0 0 0 0 0 0 0 0 0 0 0 0 0 0 0 0 0 0 0 0 0 0 0 0 0 0.988858 0.632148 0.244225 0.15136 0 0 0.710839 0.0936991 
0.971402 0.000495343 0.14355 0.156439 0.0633854 0 0.0166517 0.0818496 0.00675889 0.180457 0.157558 0.0210674 0 0.0253449 0.0290606 0.0320298 0 0.0211028 0.156817 0.474408 0.621371 0.145961 0.543866 0.447658 0.0715108 0.196862 0.0615366 0.0134849 0.1659 0.181661 0 0 0 0 0 0 0 0.850463 0 0 0 0 0 0 0.027932 0 0 0 0 0 0 0 0 0 0 0.00541367 0 0 0 0 0 0 0 0 0 0 0 0 0 0 0 0 0 0 0 0 0 0 0 0 0 0 0 0 0 0.00355447 0.0298799 0 0 0 0 0 0.294695 
0.169881 4.59113e-07 0.00501787 4.33228e-05 0.00174145 2.60172e-05 0.000167621 0.0143292 2.52565e-07 0.578849 0.0212446 6.63455e-06 0 0 0.00072398 0 0.00114171 2.97916e-05 0.00193644 0.924538 0.413074 0.457974 0.369001 0.00192658 4.2553e-05 0.0263336 0.00203028 0.0129003 0.0420406 0.00063171 0 0 0 0 0 0 0 0.827391 0.00310944 0 0 0 0.000514902 0 0 0 0 0 0 0 0 0 0 0 0 0 0 0 0.000612138 0 0 0 0 0 0 0 0 0 0 0 0 0.00097628 0 0 0 0 0 0 0 0 0 0 0 0 0.405891 0.998152 0.724733 0.186005 0.103532 0 0 0 0.566118 
0.856332 0 6.60101e-06 0 0 0 0.000206104 0 0 0.544581 0 0 3.01602e-06 0 0.000159009 0 0 0 1.89352e-07 0.25722 0.377441 0.473666 0.376825 4.00257e-05 1.22762e-07 0.000190637 0.000108142 0 0.944097 0.000159004 0 0 0 0 0 0 0 0.297645 0 0 0 0 0 0 0 0 0 0 0 0 0 0 0 0 0 0 0 0 0 0 0 0 0 0 0 0 0 0 0 0 0 0 0 0 0 0 0 0 0 0 0 0 0 0 0 0 0.0686382 0.950997 0 0 0.0774582 0.854295 0.515776 
0.520839 0.0240947 0.00935554 0.031193 0.574903 2.5102e-06 0.0474188 0.0422676 1.52973e-06 0.110258 0.313357 0.173172 0.000232726 0.00110273 0.000764702 0 0 0.0300959 0.302417 0.67459 0.981047 0.0675522 0.629823 0.407318 0.00721753 0.165113 0.026839 0.000816392 0.404529 0.10114 7.40284e-06 0 0 0 0 0.000168111 0 0.93805 4.37328e-05 0 0 0 4.06924e-06 0 0 0 0 2.34244e-06 0 7.2107e-05 0 0 0 3.10398e-05 0 0 0.00143406 0 0 0 0 0 0 0 0 0 0 0 1.01516e-07 0 0 0 0 0 1.36792e-06 0 2.90794e-06 0 7.94296e-07 0 0 0 0 4.22916e-07 0.960569 0.795187 0.0755878 0 0.888547 0 0.872594 0 0.755326 
0.501641 0 0 0 0 0 0 0 0 0.906224 0 0 0 0 0 0 0 0 0 0.591571 0.383087 0.403329 0.343536 0 0 0 0 0 0.687677 0 0 0 0 0 0 0 0 0.362571 0 0 0 0 0 0 0 0 0 0 0 0 0 0 0 0 0 0 0 0 0 0 0 0 0 0 0 0 0 0 0 0 0 0 0 0 0 0 0 0 0 0 0 0 0 0 0 0.21042 0.823498 0.882881 0 0 0.848107 0 0.103564 
0.045178 1.4956e-06 3.36688e-05 0.165133 1.03677e-05 0 1.20627e-06 0.16782 1.24972e-05 0.218599 0.0425902 1.12096e-05 0 0.0965335 2.15372e-05 0.190918 0.0960678 1.91213e-06 2.80845e-05 0.557188 0.417032 0.695597 0.855593 0.234206 6.76036e-05 0.189763 0.164918 0.136059 0.844706 0.257064 0 0 0 0 0 0 0 0.198738 0 0 0 0 0 0 3.53115e-05 0 0 0 0 0 0 0 0 0 0 2.88692e-06 0 0 0 0 0 0 0 0 0 0 0 0 0 0 0 0 0 0 0 0 0 0 0 0 0 0 0 0 0 0.276113 0.0810284 0 0 0 0.956875 0.171413 0.609106 
0.556043 9.5148e-05 0.00324004 0.00415722 0.00298752 0 0.000478116 0.00161093 0.000258587 0.177299 0.00240251 0.000376612 0 0.000569012 0.000371386 0.000345169 0 0.000298664 0.00473116 0.277423 0.232252 0.30094 0.759541 0.00227635 0.00373365 0.00579002 0.00143878 0.000295323 0.485617 0.0062594 0 0 0 0 0 0 0 0.653077 0 0 0 0 0 0 0.000300327 0 0 0 0 0 0 0 0 0 0 0.00024183 0 0 0 0 0 0 0 0 0 0 0 0 0 0 0 0 0 0 0 0 0 0 0 0 0 0 0 0 0.452617 0.721409 0.544136 0 0 0 0.929495 0 0.817269 
0.594663 0.000180998 0.0108019 0.000201634 0.00364826 0.000879055 0.000733465 0.00716277 1.32945e-06 0.923357 0.0153638 0.00600817 0.0044648 0.00846982 0.00337518 0.0123912 0 0.000415083 0.0182656 0.816321 0.291584 0.97806 0.920802 0.570877 0.132095 0.00223713 0.259298 0.00648227 0.116643 0.106581 0 0 0 0 3.1767e-06 0.00159272 0 0.0618593 0 0 0.765343 0 0.000398387 0 3.91735e-05 0 4.03091e-05 0 0 0 0 0 0 0 0 0 0 0 0 0 0 0 0 0 0 0 0 0 0 0 0 0 0.000102634 0.833332 0 0 0 0 0 0 0 0 0 4.55001e-05 0 0 0.815341 0 0 0 0.164557 0.646209 0.843044 
0.246218 0 0 0 0 0 0 0 0 0.323703 0 0 0 0 0 0 0 0 0 0.905997 0.251214 0.668014 0.65462 0 0 0 0 0 0.255135 0 0 0 0 0 0 0 0 0.57146 0 0 0 0 0 0 0 0 0 0 0 0 0 0 0 0 0 0 0 0 0 0 0 0 0 0 0 0 0 0 0 0 0 0 0 0 0 0 0 0 0 0 0 0 0 0 0.250913 0.244247 0.122439 0 0.00310138 0 0.50243 0.103335 0.784619 
0.437508 0.00527892 0.00307631 0.0133781 0.103101 0.00514921 0.0374695 0.00760739 2.46639e-05 0.0576454 0.528736 0.0131043 0.0172107 0.00442368 0.0854256 0.000182949 0.000138762 0.010988 0.0837402 0.651896 0.0731759 0.0518001 0.558471 0.487268 0.0234163 0.0474258 0.142679 0.0517434 0.290947 0.241441 0 0 0 0 3.42662e-05 1.13752e-07 0 0.938286 0.00294523 1.00263e-07 2.30445e-05 0 0.000896464 5.27457e-06 0.000123726 0 0 0.0101298 0 1.3134e-05 0 0 0 0 0 0 1.61839e-05 0 0 0 0 0 0 0 0 0 7.48821e-06 0 0.0478923 0 0 0 0 0 2.54228e-06 0 0 0 0.000705975 0 0 0 2.2255e-05 8.95563e-07 0.694448 0 0.0188503 0 0.8378 0 0.835778 0.125139 0.178184 
0.71988 0.00689531 0.0032907 0.824953 0.00485542 0.00211385 0.627465 0.681134 0 0.0236345 0.00895908 0.00022103 0.0322196 0.000777002 0.00332749 0.00151745 0.00666965 0.841652 0.754269 0.585342 0.144915 0.0140213 0.574915 0.824229 0.0210432 0.666874 0.263616 0.01557 0.286947 0.841575 0.833313 0 0 0 0 0 0.000581603 0.883352 0.833314 0.750356 0 0 0.764031 0.76242 0.841653 2.18709e-06 0.763789 0.709681 0 0.824976 0 0 0 0 0 0 0 0 0 0.000124445 0 0 1.86151e-06 0 0 0.833319 0.83332 0 0.83332 0.833318 0 0.833317 0 0 0 0.833319 0.83332 0 0 0 0.83332 0.000107577 0 0.639934 0 0 0.412092 0.680755 0.127158 0 0.550523 0 0.136846 
0.846049 2.5168e-07 1.49532e-05 1.07718e-05 0 0 1.87746e-07 2.29712e-06 0 0.913599 4.04421e-06 8.60023e-07 0 8.70829e-07 1.34793e-07 9.64069e-07 0 4.87928e-07 2.96287e-05 0.997849 0.977781 0.783925 0.749094 0.000101811 1.44024e-05 7.77549e-06 1.66092e-06 0 0.131835 3.71941e-05 0 0 0 0 0 0 0 0.201987 0 0 0 0 0 0 5.04163e-07 0 0 0 0 0 0 0 0 0 0 0 0 0 0 0 0 0 0 0 0 0 0 0 0 0 0 0 0 0 0 0 0 0 0 0 0 0 0 0 0 0.251158 0.410872 0 0 0 0.127195 0.197011 0.996902 
0.704325 0 0 0 0 0 1.76148e-07 0 0 0.899349 0 0 0 0 5.19441e-07 0 0 0 0 0.222045 0.689193 0.174275 0.438413 1.83998e-05 0 1.58725e-07 8.19325e-05 0 0.894445 1.34895e-07 0 0 0 0 0 0 0 0.236887 0 0 0 0 0 0 0 0 0 0 0 0 0 0 0 0 0 0 0 0 0 0 0 0 0 0 0 0 0 0 0 0 0 0 0 0 0 0 0 0 0 0 0 0 0 0 0 0 0.121531 0.772381 0 0 0.315304 0.894925 0.103932 
0.153237 4.89847e-06 8.87505e-05 0.0340678 3.64039e-05 0 1.24459e-05 0.0333952 1.94383e-05 0.747721 0.0155757 1.41344e-05 0 0.0467379 1.38399e-05 0.0384885 0.0213355 6.73918e-06 9.42989e-05 0.310037 0.197364 0.429807 0.34462 0.0451043 2.99603e-05 0.061483 0.0272284 0.0328617 0.437866 0.0542572 0 0 0 0 0 0 0 0.919397 0 0 0 0 0 0 3.83188e-06 0 0 0 0 0 0 0 0 0 0 6.17356e-06 0 0 0 0 0 0 0 0 0 0 0 0 0 0 0 0 0 0 0 0 0 0 0 0 0 0 0 0 0 0.367621 0.814566 0.522925 0 0 0 0.295604 0.696658 
0.48766 0 0 0 0 0 1.57085e-06 0 0 0.202778 0 0 0 0 0 0 0 0 0 0.915168 0.427091 0.941496 0.417891 0 0 0 0 0 0.200771 0 0 0 0 0 0 0 0 0.171414 0 0 0 0 0 0 0 0 0 0 0 0 0 0 0 0 0 0 0 0 0 0 0 0 0 0 0 0 0 0 0 0 0 0 0 0 0 0 0 0 0 0 0 0 0 0 0 0.950776 0.0773617 0.754515 0 0 0.767002 0 0.810041 
0.348379 0.000239749 0.000596558 0.00019349 2.57662e-07 1.4099e-06 0.272807 0.00168359 0 0.659471 0.00186779 0.00489192 0 0.000104315 2.31926e-07 0 0 8.57886e-05 0.00012369 0.767591 0.377886 0.469909 0.861879 0.233393 0.000148144 0.0282918 0.0989119 0.0019921 0.400099 0.000105404 0 0 0 0 0 1.25611e-07 0 0.365378 0 0 0 0 0 0 0 0 0 0 0 0 0 0 0 0 0 0 2.67265e-05 0 0 0 0 0 0 0 0 0 0 0 0 0 0 0 0 0 0 0 0 0 0 0 0 0 0 0 0.941471 0.581905 0.138388 0 0.713194 0 0 0.0968624 0.915435 
0.713202 0 0 0 0 0 0 0 0 0.208812 0 0 0 0 0 0 0 0 0 0.865109 0.78274 0.566457 0.44065 0 0 0 0 0 0.835291 0 0 0 0 0 0 0 0 0.595767 0 0 0 0 0 0 0 0 0 0 0 0 0 0 0 0 0 0 0 0 0 0 0 0 0 0 0 0 0 0 0 0 0 0 0 0 0 0 0 0 0 0 0 0 0 0 0.209352 0.941998 0.899312 0.0300073 0.785629 0 0 0.30358 0.794058 
0.110973 0.000178106 0.315317 0.00840781 0.0701472 0 0.0029227 0.0158688 0.000319659 0.296063 0.00747295 0.0327115 0 0.000948053 0.104119 0.00100632 0.0492401 0.0029386 0.0675941 0.491573 0.212321 0.511082 0.583692 0.321675 2.37245e-05 0.285112 0.122935 0.0135365 0.00258443 0.0745366 8.68822e-07 0 0 0 0 0 0 0.699017 0.0351239 1.37054e-07 0 0 0.108402 0 0 0 0 0 0 4.24565e-07 0 0 0 0 0 0 0 0 0.0251389 0 0 0 0 0 0 0 0 1.62985e-06 0 0 0 0.0523663 0 0 1.08234e-07 0 0 0 0 4.51554e-06 0 2.7003e-07 0 0 0.221139 0.0979949 0.926504 0.8744 0 0 0 0 0.450878 
0.560818 0 0 0 0 0 0 0 0 0.244298 0 0 0 0 0 0 0 0 0 0.530932 0.660851 0.0850306 0.336253 0 0 0 0 0 0.582464 0 0 0 0 0 0 0 0 0.124289 0 0 0 0 0 0 0 0 0 0 0 0 0 0 0 0 0 0 0 0 0 0 0 0 0 0 0 0 0 0 0 0 0 0 0 0 0 0 0 0 0 0 0 0 0 0 0.244163 0.142641 0.600246 0.558094 0 0 0.288084 0 0.428382 
0.694683 0.00125712 0.00350639 0.000111649 0.00654856 0.000208085 0.000186243 0.00217469 1.24941e-05 0.455471 0.00284204 0.00125563 0.00750631 0.000625629 0.00237273 0.0013215 0 3.89395e-05 0.000929209 0.0464662 0.708415 0.0946768 0.605716 0.122533 0.0352815 0.0037508 0.0281976 0.000484444 0.829865 0.153728 4.1834e-06 0 1.71045e-06 1.18104e-07 0.000133458 5.5902e-05 0 0.785341 1.72792e-06 0 0.0878871 0 0.000116104 7.80178e-07 0.000219971 0 1.00802e-05 4.002e-05 0 0 0 0 0 0 0 0 0 0 0 0 0 0 0 0 0 0 0 0 0 0 0 0 4.97939e-07 0.0320086 0 0 0 0 0 0 0 0 0 6.94703e-05 0.121649 0.022936 0.429802 0.118364 0 0 0.0175902 0.475184 0.709957 
0.582352 0 0 0 0 0 0 0 0 0.941298 0 0 0 0 0 0 0 0 0 0.705611 0.590883 0.95762 0.530229 0 0 0 0 0 0.568692 0 0 0 0 0 0 0 0 0.675785 0 0 0 0 0 0 0 0 0 0 0 0 0 0 0 0 0 0 0 0 0 0 0 0 0 0 0 0 0 0 0 0 0 0 0 0 0 0 0 0 0 0 0 0 0 0 0.338133 0 0.743421 0.634667 0 0 0.124987 0.603205 0.200248 
0.83282 0.496956 0 0 0 0 0 0 0 0.232721 0 0 0 0 0 0 0 0 0 0.0584316 0.146597 0.140281 0.82545 0.456784 0.166447 0.0321974 0 0.0423824 0.212742 0.165895 0.00837107 0 0 0 0 0 0 0.277042 0 0 0 0 0 0 0 0 0 0 0 0 0 0 0 0 0 0 0 0 0 0 0 0 0 0 0 0 0 0 0 0 0 0 0 0 0 0 0 0 0 0 0 0 0 0 0.637993 0.818362 0.622568 0 0.299143 0 0 0.674365 0.81161 
0.761459 0.0113235 0.00202688 0.101782 0.0361206 0.00432081 0.00693941 0.00795292 0.000376134 0.0851587 0.00796337 0.142929 0.00388106 0.000626571 0.00860693 0.00110727 5.90118e-05 0.0191142 0.517924 0.582394 0.0948755 0.926771 0.119233 0.482314 0.0149165 0.12247 0.150269 0.0016912 0.264073 0.158935 0.000173054 0 0 0 0.00248448 1.14433e-06 3.76883e-07 0.882645 0.00936446 0.000240623 0 0 0.000557801 4.80429e-06 0.000568497 1.72238e-07 0 0 0 2.39945e-05 0 0 0 0 0 0 0 0 0 0 0 0 2.94111e-05 0 0 0 1.45275e-05 0 0 3.22393e-07 0 2.6001e-06 0 0 0 2.73825e-07 0.0111863 0 0.000117851 0 1.56513e-05 0 1.24141e-05 0.000943229 0 0 0.211674 0.0033317 0.28688 0.911568 0.74424 0.421667 0.1594 
0.017592 0 0 0 0 0 0 0 0 0.567205 0 0 0 0 0 0 0 0 0 0.569559 0.797031 0.0634572 0.873575 0 0 0 0 0 0.258179 0 0 0 0 0 0 0 0 0.997198 0 0 0 0 0 0 0 0 0 0 0 0 0 0 0 0 0 0 0 0 0 0 0 0 0 0 0 0 0 0 0 0 0 0 0 0 0 0 0 0 0 0 0 0 0 0 0.785124 0.451194 0.176535 0.514411 0 0 0.992849 0 0.225689 
0.556992 0.00370745 0.0419743 0.506718 0.0433597 0.0122419 0.0198785 0.0144131 0.000237553 0.104778 0.0313694 0.0068888 0.135394 0.0189962 0.0257486 0.018775 0.0180724 0.0078639 0.0173685 0.642138 0.0949801 0.0783272 0.658119 0.406603 0.0259345 0.0424424 0.270848 0.0791909 0.0689421 0.151199 0.0040469 6.25957e-07 0 0 1.70933e-05 0 6.92436e-05 0.878942 0.00646146 0.00585249 1.92918e-05 0 0.00494838 8.95162e-05 0.00808966 0.000157276 7.00392e-05 0.000114704 0 0.00063935 0 2.55212e-05 0 1.71962e-07 0 0 0 3.14062e-06 8.1776e-06 7.31936e-05 0 7.96405e-07 0.00262951 1.7902e-06 0 4.96141e-06 0.000210317 0 7.80914e-05 2.28705e-05 1.18251e-05 0 0 0 1.76457e-05 0 6.00851e-05 0 0.0132875 4.476e-07 7.30598e-06 0.000191839 0.00117098 4.68849e-05 0.193138 0 0.20416 0.236709 0.767643 0 0.579166 0 0.134795 
0.233964 1.44194e-06 0.000170142 0.000344023 0.00119397 0.336082 0.419161 0.000160831 2.75635e-06 0.0117514 0.000159293 0.000865439 5.09032e-05 0 0.000775331 6.79125e-07 3.3277e-05 0.000821074 0.00102275 0.856917 0.789725 0.209534 0.868125 0.480715 6.65315e-07 0.00139051 0.197257 0.00105587 0.747006 0.0156476 0 0 0 0 0 0 0 0.168952 5.96134e-05 0 1.56721e-07 0 1.46693e-05 0 0 0 0 0 0 0 0 0 0 0 0 0 0 0 1.65958e-05 0 0 0 0 0 0 0 0 0 0 0 0 1.80098e-05 0 0 0 0 0 0 0 0 0 0 0 0 0.987233 0.908828 0.175066 0.0293318 0 0.848238 0.0858895 0.657977 0.243433 
0.788381 0 0 0 0 0 0 0 0 0.185031 0 0 0 0 0 0 0 0 0 0.584596 0.832765 0.145835 0.0011805 0 0 0 0 0 0.179539 0 0 0 0 0 0 0 0 0.612362 0 0 0 0 0 0 0 0 0 0 0 0 0 0 0 0 0 0 0 0 0 0 0 0 0 0 0 0 0 0 0 0 0 0 0 0 0 0 0 0 0 0 0 0 0 0 0 0.823309 0.641553 0.342978 0 0 0.582937 0.0759314 0.547385 
0.0188377 0.00250201 0.0231521 0.223069 0.0216185 0 0.00274715 0.178159 0.00729269 0.129095 0.122714 0.017844 0 0.13852 0.00623413 0.141165 0.0202644 0.00363452 0.0218725 0.113162 0.132015 0.121829 0.0904248 0.396398 0.0435556 0.275752 0.125106 0.122516 0.139134 0.318699 0 0 0 0 0 0 0 0.881872 0 0 0 0 0 0 0.01103 0 0 0 0 0 0 0 0 0 0 0.00141025 0 0 0 0 0 0 0 0 0 0 0 0 0 0 0 0 0 0 0 0 0 0 0 0 0 0 0 0 0.829843 0 0.366157 0 0 0 0 0 0.165655 
0.73903 1.17923e-07 1.09312e-05 0.000191953 3.39747e-05 9.89463e-07 0.00519848 0.00535918 0 0.475367 1.36633e-06 2.00951e-05 4.06711e-05 1.10907e-05 1.64279e-06 2.31645e-07 0 4.28262e-07 6.83689e-06 0.086261 0.0174592 0.723183 0.890123 0.00045658 0.000208649 0.000236235 0.000527448 3.00331e-05 0.517902 0.00024288 0 0 0 0 1.1777e-06 0 0 0.88609 0 0 0.00032066 0 0 0 0 0 0 0 0 0 0 0 0 0 0 0 0 0 0 0 0 0 0 0 0 0 0 0 0 0 0 0 0 9.60575e-07 0 0 0 0 0 0 0 0 0 0 0 0.232283 0.655438 0 0 0 0.324071 0.0604105 0.163912 
0.162961 1.81132e-06 0.00304517 0.00562788 0.000136527 0 0.0108967 2.33911e-05 2.65873e-05 0.691246 0.012435 0.00929722 0 0 0.00329162 0.000809489 3.85636e-05 5.35587e-07 0.00095471 0.356427 0.172843 0.938258 0.822618 0.00758513 2.65395e-05 0.0498286 0.00284566 0.000301142 0.732653 0.0236164 0 0 0 0 0 0 0 0.387842 7.52092e-06 0 0 0 2.34721e-05 0 0 0 0 0 0 0 0 0 0 0 0 0 0 0 2.15866e-05 0 0 0 0 0 0 0 0 0 0 0 0 1.60313e-05 0 0 0 0 0 0 0 0 0 0 0 0 0 0 0.56842 0.317786 0.840398 0 0.174711 0 0.173921 
0.931355 0 0.501848 0.0433971 0.000876395 0.00027175 0.0176395 0.0362848 0.000268076 0.064314 0.00774671 0.14142 6.7348e-05 0.0258114 0.00711633 0.0273606 0.0456936 1.49872e-05 0.0294952 0.631357 0.963283 0.0536749 0.818995 0.539056 4.90902e-05 0.116812 0.200051 0 0.862875 0.0840988 0.00978748 0.000630425 0.000223572 5.75527e-07 0 0 0.0559574 0.591993 0.00225853 0.0193983 0.0017393 2.22024e-07 0.0737474 0.000165844 0.036593 0.0181281 0.00164326 0.011201 3.88095e-07 0.017615 1.25003e-06 0.000485999 6.67859e-06 1.15017e-05 0 0 0 3.67498e-05 5.11122e-05 0.0753798 7.90212e-06 3.97296e-05 0.000877441 0.000326671 1.28221e-06 0 0 2.07004e-06 0.00190406 6.4706e-06 0.00519335 1.21189e-06 0 0 0.000559784 3.86342e-07 0.00157001 2.73326e-06 3.8104e-06 0.000362592 0.000266973 0.0468914 0 0.71198 0 0.989358 0.884457 0.77204 0.993849 0.118188 0.385185 0 0.115018 
0.750243 0 0 0 0 0 7.21961e-07 0 0 0.321155 0 0 0 0 0 0 0 0 0 0.441237 0.827377 0.118902 0.99014 0 0 0 0 0 0.575235 0 0 0 0 0 0 0 0 0.854042 0 0 0 0 0 0 0 0 0 0 0 0 0 0 0 0 0 0 0 0 0 0 0 0 0 0 0 0 0 0 0 0 0 0 0 0 0 0 0 0 0 0 0 0 0 0 0 0.846207 0.852417 0 0.815976 0 0 0.66311 0.350369 
0.53572 0 0.674527 0.0271914 0.00963648 0.080975 0.824986 0.00306138 0.702976 0.0500447 0.0171172 0.00583844 0.616805 0.00256051 0.84166 0.0146236 0.0100856 0.0658952 0.0119653 0.557728 0.0284545 0.0306859 0.584161 0.434718 0.00536173 0.00989603 0.301848 0.841651 0.264988 0.182773 2.8989e-06 1.45027e-06 0 0 0 0 0.000461347 0.926071 0.000880573 0.000243221 0.82499 0 0.000865556 1.29221e-07 0.000620605 0.000122436 0 0.000160463 0 0.000219065 0 0 0 0 0 0 0 1.68637e-06 0 0.00122327 0 0 0 4.22435e-07 0 0 7.00695e-07 0 0 0 0 0 0 0 9.60661e-07 0 0 0 0.833329 4.23763e-07 0 0.000672935 0.00605274 0 0 0 0.0990544 0 0.392519 0.6877 0.850538 0 0.0866934 
0.753784 0 0 0 0 0 0 0 0 0.459348 0 0 0 0 0 0 0 0 0 0.138643 0.952224 0.897065 0.126533 0 0 0 0 0 0.647335 0 0 0 0 0 0 0 0 0.67265 0 0 0 0 0 0 0 0 0 0 0 0 0 0 0 0 0 0 0 0 0 0 0 0 0 0 0 0 0 0 0 0 0 0 0 0 0 0 0 0 0 0 0 0 0 0 0 0.914423 0.18194 0.652376 0.201501 0 0 0.28945 0.500114 
0.795401 1.56461e-05 5.68409e-05 0.000305714 4.18421e-05 2.778e-06 0.00232513 6.87878e-05 8.45886e-07 0.639731 2.94405e-05 6.9133e-06 1.63855e-06 5.44021e-06 1.20719e-06 2.6925e-05 1.20744e-07 3.74483e-06 0.000188273 0.214659 0.00297062 0.483898 0.554015 0.00430915 0.00973411 8.45729e-05 0.00927271 0.000352338 0.182036 0.00128519 0 0 0 0 0 0 0 0.127213 0 2.10226e-05 9.56387e-07 0 0 0 3.46723e-06 0 0 0 0 0 0 0 0 0 0 2.41286e-06 0 0 0 0 0 0 0 0 0 0 0 0 0 0 0 0 0 0 0 0 0 0 0 0 0 0 0 4.2046e-06 0 0 0.241236 0.0903462 0 0 0.308421 0 0.287769 
0.141851 3.87018e-06 0.0115671 0.00334627 0.00358312 0.108483 0.0836868 0.00141212 7.44513e-06 0.0723271 0.000433705 0.00791921 0 0 0.00198257 0.00206739 0.0021192 0.000402946 0.00273299 0.355461 0.264855 0.746111 0.441688 0.0611198 2.2159e-06 0.00600528 0.055538 0.000684466 0.0649684 0.00779316 0 0 0 0 0 0 0 0.628859 0.00282217 0 0 0 0.00205964 0 0 0 0 0 0 0 0 0 0 0 0 0 0 0 0.00112244 0 0 0 0 0 0 0 0 0 0 0 0 0.00226408 0 0 0 0 0 0 0 0 0 0 0 0 0.355977 0.861314 0.386857 0.58104 0 0 0.67134 0.274999 0.665822 
0.72193 0.000115997 0.00588998 4.27514e-05 0.0141674 0.00313127 0.00454054 0.00216104 5.27198e-07 0.0265615 0.00484561 0.000962582 0.396607 0.00188896 0.0035618 0.00439272 0 6.74588e-05 0.00152617 0.171803 0.382937 0.910896 0.636607 0.434963 0.000421651 0.0761295 0.0154965 0.0014133 0.697569 0.145738 0 0 0 0 0.00258709 0.000198076 0 0.072766 0 0 2.19274e-06 0 0.000300284 0 0.000279957 0 2.92023e-05 4.64086e-06 0 0 0 0 0 0 0 0 5.05355e-07 0 0 0 0 0 0 0 0 0 0 0 0 0 0 0 1.38476e-05 0 0 0 0 0 0 0 0 0 0 3.81679e-05 0.463277 0 0.348471 0 0 0 0 0.760544 0.715432 
0.397427 0.000320773 6.62878e-05 7.19584e-05 0.000191678 6.67818e-05 0.000538224 0.000220917 6.05708e-06 0.71039 0.000423387 1.85313e-05 2.63012e-05 4.90103e-07 0.000247288 1.88732e-05 3.54179e-05 4.74298e-06 0.000421466 0.721131 0.0374892 0.971814 0.156647 0.206673 0.384257 0.000387577 0.0370195 0.000410295 0.0628196 0.0415473 1.04907e-06 0 0 0 0 0 1.73444e-06 0.802099 1.17137e-06 6.23868e-06 0 0 8.67901e-07 0 2.1234e-06 0 1.26484e-07 0 0 4.33322e-07 7.10006e-07 3.91776e-07 0 1.71596e-07 0 0 0 4.39121e-07 3.46528e-06 3.45378e-07 0 0 0 0 0 0 0 0 0 0 2.97281e-07 0 0 1.45284e-06 2.14522e-07 0 0 0 0 0 1.66006e-07 0 0 4.95285e-05 0 0.0728114 0.895043 0.889127 0 0.0697188 0.215835 0 0.704107 
0.710592 0 0 0 0 0 0 0 0 0.167868 0 0 0 0 0 0 0 0 0 0.620641 0.35497 0.362073 0.482623 0 0 0 0 0 0.726241 0 0 0 0 0 0 0 0 0.330624 0 0 0 0 0 0 0 0 0 0 0 0 0 0 0 0 0 0 0 0 0 0 0 0 0 0 0 0 0 0 0 0 0 0 0 0 0 0 0 0 0 0 0 0 0 0 0.882337 0.478983 0.696173 0.0595591 0.873469 0 0.993216 0.524029 0.327258 
0.720302 0.00306049 0.000904422 0.565954 0.00478828 0.00149792 0.613846 0.00837987 0 0.0609305 0.00347411 0.00581541 8.53346e-05 1.16524e-05 0.000208914 0 0 0.708317 0.013023 0.682149 0.0780162 0.0208457 0.487113 0.352205 0.0032512 0.117476 0.272337 0.00953801 0.329224 0.0995613 5.32427e-05 0 0 0 0.0013516 0.00107435 0 0.929308 0 4.43539e-05 0.000314854 0 6.91423e-05 2.60264e-06 5.1058e-05 0 0 3.58165e-07 0 7.9407e-06 0 0 0 0 0 0 6.47615e-05 0 0 0 0 0 1.4917e-05 0 0 0 5.96626e-06 0 0 7.19086e-07 0 0 0 0 0 0 0 0 0 0 0 0 0 1.62104e-06 0.746655 0.786998 0.137214 0 0 0 0.939662 0.743629 0.489642 
0.296814 0 0 0 0 0 0 0 0 0.590141 0 0 0 0 0 0 0 0 0 0.763358 0.86126 0.117323 0.159389 0 0 0 0 0 0.123264 0 0 0 0 0 0 0 0 0.573326 0 0 0 0 0 0 0 0 0 0 0 0 0 0 0 0 0 0 0 0 0 0 0 0 0 0 0 0 0 0 0 0 0 0 0 0 0 0 0 0 0 0 0 0 0 0 0 0.0267071 0.0876416 0.539183 0 0 0 0 0.00122996 
0.0699366 8.22112e-06 0.469534 0.0162455 0.0664475 9.30593e-07 0.00195487 0.0516927 0.000380792 0.144874 0.00722952 0.0182001 0 0 0.103435 0.00143568 0.0818811 6.69514e-05 0.041558 0.546466 0.313965 0.0977584 0.869882 0.462187 3.58612e-05 0.321986 0.236777 0.012757 0.0572121 0.0638011 0.00463919 0 0 0 0 0 1.44105e-05 0.776538 0.0367596 0.00631253 1.86024e-07 0 0.17156 1.19354e-07 0.00644356 2.70677e-05 3.31699e-06 0.00314977 0 0.00723996 0 0 2.37983e-05 7.59166e-07 0 0 0 0 0.0406797 0.00639285 0.000370767 0 0 0.00131679 0.000139251 0 0 0.000297605 0 0 0 0.054356 0 0 0.00174988 5.90936e-07 1.72965e-06 0.000300576 0 0.00266881 3.90961e-07 0.00360683 0 1.8711e-05 0 0.581603 0.770801 0.653211 0 0.677125 0.128633 0 0.23322 
0.51479 0 2.5603e-07 2.22562e-07 1.33638e-07 0 0 1.2401e-07 0 0.674166 4.91436e-07 0 0 0 0 0 0 1.02343e-07 4.28431e-07 0.591845 0.00197595 0.125898 0.506007 1.67794e-06 2.31392e-07 7.30731e-07 4.21433e-07 0 0.310346 9.31651e-07 0 0 0 0 0 0 0 0.52625 0 0 0 0 0 0 0 0 0 0 0 0 0 0 0 0 0 0 0 0 0 0 0 0 0 0 0 0 0 0 0 0 0 0 0 0 0 0 0 0 0 0 0 0 0 0 0 0.382031 0.700969 0.145816 0 0 0.574356 0.840559 0.496198 
0.0403273 0 0 1.69555e-06 0 0 0 1.76321e-06 0 0.0726727 1.16495e-06 0 0 4.43673e-06 0 6.20483e-07 1.05768e-06 0 0 0.538498 0.669646 0.666844 0.496477 1.90342e-06 0 1.71569e-06 9.53154e-07 1.27544e-06 0.567202 2.10528e-06 0 0 0 0 0 0 0 0.617967 0 0 0 0 0 0 0 0 0 0 0 0 0 0 0 0 0 0 0 0 0 0 0 0 0 0 0 0 0 0 0 0 0 0 0 0 0 0 0 0 0 0 0 0 0 0 0.870307 0.198687 0.871052 0 0 0 0 0.554291 0.673169 
0.714678 4.39775e-05 0.000554663 0.00249047 0.000629863 0.00034168 8.81456e-05 0.00134096 0.000718517 0.874625 3.56982e-05 0.00026196 7.42071e-06 0.000224402 0.000426005 0.000717414 0.00174685 5.43013e-05 0.000198652 0.654434 0.395831 0.664674 0.695021 0.350921 0.000205008 0.00167638 0.347922 0.000213146 0.751757 0.227997 0.000390423 7.46789e-06 2.83446e-05 6.33071e-06 0 0 7.47243e-05 0.810686 6.21484e-05 7.8054e-05 6.13614e-05 2.84674e-05 0.000178377 9.84238e-05 0.000141565 1.85999e-05 3.71577e-05 4.53089e-05 7.20755e-06 0.000341946 0.000164783 6.03321e-05 1.90505e-05 0.000107341 2.79859e-05 0 0 0.00011324 0.000230694 1.25765e-05 9.07152e-06 1.25731e-05 9.27137e-06 1.57307e-06 1.2243e-06 0 0 2.58128e-06 3.17659e-06 3.56038e-06 1.80818e-05 3.23513e-07 0 2.83376e-05 2.86169e-06 3.32321e-07 4.4914e-07 1.29076e-06 0 2.23669e-07 2.09995e-06 6.36116e-06 0 0.0253261 0 0.653163 0.767561 0.308605 0 0 0 0 0.282509 
0.529194 0 0 0 0 0 0 0 0 0.754626 0 0 0 0 0 0 0 0 0 0.234023 0.608571 0.6541 0.291116 0 0 0 0 0 0.380474 0 0 0 0 0 0 0 0 0.330559 0 0 0 0 0 0 0 0 0 0 0 0 0 0 0 0 0 0 0 0 0 0 0 0 0 0 0 0 0 0 0 0 0 0 0 0 0 0 0 0 0 0 0 0 0 0 0.405632 0.948349 0.242804 0 0 0 0 0 0.675062 
0.69286 9.24234e-05 0.000454065 0.436102 0.0033322 0.00058324 0.351223 0.0142412 1.60843e-06 0.157893 0.00366419 0.000907113 0.00153548 0.000489181 0.000666096 0.00100694 2.72208e-05 0.000410809 0.00492412 0.52553 0.160277 0.777975 0.586825 0.330448 0.0043044 0.0241089 0.18477 0.0611836 0.375805 0.0406863 0.000581973 0 0 0 9.36411e-07 8.77748e-07 0 0.888998 1.39373e-05 0.000126783 6.5071e-05 0.000139851 0.00518945 0.00190099 0.00526865 0 0 0 0 0.00880731 0 0 0 0 0 0 0 0 0 0 0 0 5.99852e-05 0 0 0.00626128 0.00856162 0 0 6.01529e-05 0 0 0 0 7.40528e-06 0 0 0 0.000119963 0 0 0 1.36082e-05 0.000201994 0 0.00357173 0.183918 0 0 0 0.575261 0 0.187111 
0.954956 0.490236 0 0 0 0 0 0 0 0.109852 0 0 0 0 0 0 0 0 0 0.730469 0.0413333 0.728296 0.856198 0.322201 0.00354289 0.00101677 0 0.00582905 0.647611 0.302269 0.576699 0 0 0 0 0 0 0.800137 0 0 0 0 0 0 0 0 0 0 0 0 0 0 0 0 0 0 0 0 0 0 0 0 0 0 0 0 0 0 0 0 0 0 0 0 0 0 0 0 0 0 0 0 0 0 0.799771 0.574334 0.772581 0.680714 0.213846 0 0 0.120242 0.361974 
0.252442 8.53124e-06 0.00819482 0.0232106 0.00594758 0.00316201 0.0364724 0.0110957 8.9173e-05 0.642205 0.00495248 0.00601198 0.0059593 3.01463e-06 0.0697792 0.000166073 0.00309762 0.0136471 0.00578723 0.178565 0.0202033 0.215628 0.495222 0.0444242 0.0040097 0.386713 0.068606 0.267896 0.894636 0.0101063 7.96105e-07 0 0 0 0 0 0 0.780074 0.0043335 5.88848e-06 2.70144e-06 0 0.0019458 1.49073e-06 1.49328e-07 0 0 1.43828e-06 0 1.08606e-05 0 0 0 0 1.10828e-06 0 0 1.80728e-06 0.001539 0 0 0 4.58691e-07 1.77341e-07 0 0 0 0 1.04416e-06 0 0 0.00314824 0 1.0732e-05 0 0 1.55259e-07 0 0 0 0 2.15482e-07 0 3.18706e-05 0.85251 0.112953 0.385718 0.898138 0 0 0 0 0.59532 
0.224203 2.62076e-05 0.000962317 0.0365619 0.0297045 0.00220593 0.00679987 0.00193966 0.000361938 0.129379 0.0148024 0.00144866 0 4.32073e-06 0.013434 0.000233168 1.19665e-05 0.000232302 0.00277752 0.967855 0.29182 0.15355 0.182723 0.0253026 0.00480692 0.0240898 0.00189115 0.00774949 0.646595 0.00836844 0 0 0 0 0 0 0 0.791702 3.19851e-05 0 0 0 3.18621e-06 0 0 0 0 0 0 0 0 0 0 0 0 0 0 0 3.76428e-06 0 0 0 0 0 0 0 0 0 0 0 0 9.0438e-06 0 0 0 0 0 0 0 0 0 0 0 0 0.685917 0 0.120403 0 0 0 0.000908449 0 0.608387 
0.0523328 0 0 0.000553299 0 0 0 0.000861197 0 0.0160654 0.00611712 0 0 0.000599593 0 0.000906396 5.5948e-05 0 0 0.832167 0.755341 0.854589 0.310042 0.000421389 0 0.00015811 0.000718796 0.00044809 0.823776 0.00608867 0 0 0 0 0 0 0 0.175638 0 0 0 0 0 0 0 0 0 0 0 0 0 0 0 0 0 0 0 0 0 0 0 0 0 0 0 0 0 0 0 0 0 0 0 0 0 0 0 0 0 0 0 0 0 0 0 0 0.75961 0.557951 0.410157 0 0.0373564 0 0.882098 
0.761779 0 0 0 0 0 0 0 0 0.819493 0 0 0 0 0 0 0 0 0 0.899058 0.450519 0.0394807 0.446234 0 0 0 0 0 0.957675 0 0 0 0 0 0 0 0 0.881242 0 0 0 0 0 0 0 0 0 0 0 0 0 0 0 0 0 0 0 0 0 0 0 0 0 0 0 0 0 0 0 0 0 0 0 0 0 0 0 0 0 0 0 0 0 0 0.302567 0.0695339 0.1247 0.537062 0 0 0.985705 0 0.431196 
0.191273 0.000748961 0.00971782 0.180213 0.00336274 0 0.00114615 0.175118 0.00120011 0.289209 0.10901 0.00244889 0 0.178998 0.0034598 0.184355 0.0754709 0.00130109 0.00870422 0.558748 0.844252 0.830274 0.87469 0.350538 0.00582155 0.217994 0.171293 0.172674 0.273688 0.31166 0 0 0 0 0 0 0 0.72535 0 0 0 0 0 0 0.00152429 0 0 0 0 0 0 0 0 0 0 0.00106681 0 0 0 0 0 0 0 0 0 0 0 0 0 0 0 0 0 0 0 0 0 0 0 0 0 0 0 0 0.11357 0.736904 0.122316 0.193391 0 0 0.381884 0 0.374583 
0.533967 0 0 0 0 0 0 0 0 0.47887 0 0 0 0 0 0 0 0 0 0.579068 0.915597 0.152852 0.623962 0 0 0 0 0 0.169103 0 0 0 0 0 0 0 0 0.308314 0 0 0 0 0 0 0 0 0 0 0 0 0 0 0 0 0 0 0 0 0 0 0 0 0 0 0 0 0 0 0 0 0 0 0 0 0 0 0 0 0 0 0 0 0 0 0.790396 0.247296 0.0147969 0.122627 0.390587 0 0 0 0.531126 
0.274988 0.406383 3.71443e-06 0.104796 3.0253e-05 0 0 0.127225 4.75599e-06 0.218534 0.0613608 0 0 0.115987 3.56803e-07 0.116561 0.0391372 0 0 0.948479 0.152683 0.168662 0.717624 0.454018 2.01828e-07 0.170765 0.29179 0.108984 0.061596 0.217051 0 0 0 0 0 0 0 0.0193388 0 0 0 0 0 0 0 0 0 0 0 0 0 0 0 0 0 1.51253e-06 0 0 0 0 0 0 0 0 0 0 0 0 0 0 0 0 0 0 0 0 0 0 0 0 0 0 0 0 0 0.00802555 0.935689 0 0 0 0 0.378089 0.345197 
0.777057 0.00174078 0.101866 0.0957786 0.0246819 0 0.0140434 0.0452722 0.00634673 0.134912 0.407207 0.0135886 0 0.0141981 0.0191947 0.0201901 0 0.0169484 0.119016 0.456699 0.17071 0.1574 0.606666 0.456153 0.0570483 0.168937 0.0979288 0.0125254 0.155223 0.189965 0 0 0 0 0 0 0 0.936936 0 0 0 0 0 0 0.0096847 0 0 2.9127e-07 0 0 0 0 0 0 0 0.0229922 0 0 0 0 0 0 0 0 0 0 0 0 0 0 0 0 0 0 0 0 0 0 0 0 0 0 0 0 0 0 0.811333 0 0 0 0 0 0.374042 
0.0281292 0 0 0 0 0 0 0 0 0.726982 0 0 0 0 0 0 0 0 0 0.98264 0.237927 0.0255384 0.920433 0 0 0 0 0 0.663392 0 0 0 0 0 0 0 0 0.954809 0 0 0 0 0 0 0 0 0 0 0 0 0 0 0 0 0 0 0 0 0 0 0 0 0 0 0 0 0 0 0 0 0 0 0 0 0 0 0 0 0 0 0 0 0 0 0.140483 0.163529 0.838808 0 0.343395 0 0.192353 0.323748 0.642777 
0.0399075 0 0 7.81793e-07 0 0 0 5.49714e-07 0 0.770228 1.07739e-06 0 0 1.34004e-06 0 1.25988e-06 2.99764e-07 0 0 0.791783 0.708122 0.252794 0.269549 1.13676e-05 0 3.11592e-05 4.5978e-07 9.91502e-07 0.0379162 1.79516e-06 0 0 0 0 0 0 0 0.147923 0 0 0 0 0 0 0 0 0 0 0 0 0 0 0 0 0 0 0 0 0 0 0 0 0 0 0 0 0 0 0 0 0 0 0 0 0 0 0 0 0 0 0 0 0 0 0 0.606851 0.730978 0 0.234241 0 0.0976127 0.542967 0.805889 
0.969141 0 0 0 0 0 0 0 0 0.988915 0 0 0 0 0 0 0 0 0 0.491165 0.130836 0.448823 0.411993 0 0 0 0 0 0.387091 0 0 0 0 0 0 0 0 0.740999 0 0 0 0 0 0 0 0 0 0 0 0 0 0 0 0 0 0 0 0 0 0 0 0 0 0 0 0 0 0 0 0 0 0 0 0 0 0 0 0 0 0 0 0 0 0 0 0.922997 0.165241 0 0.674458 0 0 0.625225 0.466102 
0.609434 0 0 0 0 0 0 0 0 0.274636 0 0 0 0 0 0 0 0 0 0.696836 0.800917 0.305748 0.359033 0 0 0 0 0 0.409215 0 0 0 0 0 0 0 0 0.930645 0 0 0 0 0 0 0 0 0 0 0 0 0 0 0 0 0 0 0 0 0 0 0 0 0 0 0 0 0 0 0 0 0 0 0 0 0 0 0 0 0 0 0 0 0 0 0 0 0.84232 0.731338 0 0 0 0.977248 0.314216 
0.317551 1.63362e-06 1.88007e-05 5.18818e-05 0.000657729 0.00881004 0.0103292 6.82425e-06 9.37595e-07 0.694791 1.90411e-05 0.000981268 0.000663896 7.43111e-07 0.000406141 1.27249e-06 1.91217e-07 0.000926954 0.00173598 0.759009 0.843096 0.0778428 0.275823 0.0110702 0.00716587 0.00204487 0.00941266 0.00271775 0.732662 0.00690767 0 0 0 0 0 0 0 0.027685 1.33187e-07 0 9.33731e-05 0 0 0 0 0 0 0 0 0 0 0 0 0 0 0 0 0 1.00504e-07 0 0 0 0 0 0 0 0 0 0 0 0 1.04542e-07 0 0.00557028 0 0 0 0 0 0 0 0 0 0 0.724285 0.549982 0.471659 0 0 0 0.660895 0.407766 0.906487 
0.560821 3.88686e-05 0.076205 9.77142e-05 0.000619175 0.000297494 0.000520545 0.0273586 3.39343e-06 0.0313817 0.824993 0.0125079 0.833324 0.833324 0.0181419 0.0615899 3.20058e-07 0.00304759 0.0180707 0.740103 0.172072 0.0277393 0.922058 0.617267 0.00126759 0.587562 0.200807 0.050797 0.191342 0.664395 0 0 0 0 0 0.763344 0 0.958194 0 0 0 0 0.6623 0 0 0 0 0.00874066 0 0 0 0 0 0 0 0 0 0 0 0 0 0 0 0 0 0 0 0 0.00520292 0 0 0 0 0 0 0 0 0 0 0 0 0 1.6361e-07 0 0 0 0.844443 0 0 0.0767867 0 0.557054 0.891294 
0.549602 0.0118608 0.00466365 0.0101096 0.000463198 2.86263e-05 0.0479733 0.0196744 0 0.0677745 0.535546 0.0177562 0.000456523 0.000321359 0.000630285 0.000103354 0 0.0138198 0.0122448 0.721714 0.107046 0.738717 0.734217 0.51595 0.0108849 0.185868 0.0153863 0.000982048 0.249938 0.197757 0 0 0 0 0 0.000105085 0 0.930937 0 0 0 0 0.00497945 0 0 0 0 0.00966735 0 0 0 0 0 0 0 0 0.000329349 0 0 0 0 0 0 0 0 0 0 0 0.00685769 0 0 0 0 0 0 0 0 0 0 0 0 0 0 0 0.924038 0.699636 0.315874 0 0 0 0 0.486795 0.830603 
0.543077 0 0 0 0 0 0 0 0 0.0230434 0 0 0 0 0 0 0 0 0 0.502654 0.0826065 0.982613 0.833039 0 0 0 0 0 0.448418 0 0 0 0 0 0 0 0 0.580817 0 0 0 0 0 0 0 0 0 0 0 0 0 0 0 0 0 0 0 0 0 0 0 0 0 0 0 0 0 0 0 0 0 0 0 0 0 0 0 0 0 0 0 0 0 0 0 0.0862824 0.385711 0 0 0 0.270033 0.771282 0.7123 
0.152918 0 0 0 0 0 0 0 0 0.926164 0 0 0 0 0 0 0 0 0 0.20865 0.796428 0.187359 0.352985 0 0 0 0 0 0.647615 0 0 0 0 0 0 0 0 0.705846 0 0 0 0 0 0 0 0 0 0 0 0 0 0 0 0 0 0 0 0 0 0 0 0 0 0 0 0 0 0 0 0 0 0 0 0 0 0 0 0 0 0 0 0 0 0 0.399957 0.786238 0.777345 0.95649 0 0 0 0 0.75448 
0.287812 0 0 0 0 0 0 0 0 0.720284 0 0 0 0 0 0 0 0 0 0.469604 0.504608 0.336709 0.640727 0 0 0 0 0 0.0575106 0 0 0 0 0 0 0 0 0.634639 0 0 0 0 0 0 0 0 0 0 0 0 0 0 0 0 0 0 0 0 0 0 0 0 0 0 0 0 0 0 0 0 0 0 0 0 0 0 0 0 0 0 0 0 0 0 0 0.389762 0.464808 0.898007 0 0 0.976749 0.678297 0.440123 
0.3741 2.80225e-07 3.73326e-06 8.01443e-06 2.30085e-06 0 3.75543e-07 1.31451e-06 2.86943e-06 0.409169 9.916e-06 7.98822e-07 0 2.07855e-06 2.27607e-06 6.35895e-07 0 2.04682e-07 7.55961e-06 0.426924 0.0930537 0.869556 0.693191 7.44254e-06 2.4089e-06 7.60084e-06 4.22824e-06 2.62006e-06 0.464324 6.76244e-06 0 0 0 0 0 0 0 0.724463 0 0 0 0 0 0 0 0 0 0 0 0 0 0 0 0 0 1.09809e-06 0 0 0 0 0 0 0 0 0 0 0 0 0 0 0 0 0 0 0 0 0 0 0 0 0 0 0 0 0 0.50716 0.763724 0 0 0 0.704286 0.479101 0.366613 
0.276582 1.95728e-07 9.40297e-07 1.60119e-07 1.03906e-06 0.000120695 0.0716922 6.025e-07 0 0.429401 2.18525e-06 1.12933e-06 0 0 1.16125e-06 0 0 0 4.24228e-07 0.107933 0.457756 0.443379 0.49213 0.0275173 0 1.45075e-06 5.4849e-07 2.29012e-06 0.484845 5.14224e-07 0 0 0 0 0 0 0 0.662471 0 0 0 0 0 0 0 0 0 0 0 0 0 0 0 0 0 0 0 0 0 0 0 0 0 0 0 0 0 0 0 0 0 0 0 0 0 0 0 0 0 0 0 0 0 0 0.678225 0.8031 0.669317 0 0 0 0 0.546934 0.0581908 
0.0687814 0 0 7.47156e-05 0 0 0 3.05131e-05 0 0.720074 2.3837e-07 0 0 6.06708e-07 0 2.51966e-06 1.49875e-07 0 0 0.932316 0.235961 0.874823 0.11546 2.76804e-05 0 1.4819e-05 4.09258e-05 1.19446e-06 0.236393 3.84411e-05 0 0 0 0 0 0 0 0.730045 0 0 0 0 0 0 0 0 0 0 0 0 0 0 0 0 0 0 0 0 0 0 0 0 0 0 0 0 0 0 0 0 0 0 0 0 0 0 0 0 0 0 0 0 0 0 0.293624 0.00793373 0.65858 0 0 0 0.818486 0.351401 0.104593 
0.802453 0 0 0 0 0 0 0 0 0.985051 0.000121097 0 0 0 0 0 0 0 0 0.706847 0.16394 0.0442873 0.282939 0 0 0 0 0 0.19363 0.00010234 0 0 0 0 0 0 0 0.102136 0 0 0 0 0 0 0 0 0 0 0 0 0 0 0 0 0 0 0 0 0 0 0 0 0 0 0 0 0 0 0 0 0 0 0 0 0 0 0 0 0 0 0 0 0 0 0 0.237734 0.768615 0 0.271184 0 0 0.727257 0.0920133 
0.373649 0 0 0 0 0 0 0 0 0.251435 0 0 0 0 0 0 0 0 0 0.711872 0.32102 0.0826111 0.895133 0 0 0 0 0 0.0993601 0 0 0 0 0 0 0 0 0.0457477 0 0 0 0 0 0 0 0 0 0 0 0 0 0 0 0 0 0 0 0 0 0 0 0 0 0 0 0 0 0 0 0 0 0 0 0 0 0 0 0 0 0 0 0 0 0 0 0.512623 0.70054 0.934932 0 0 0 0.724546 0.115859 
0.701527 0 0 0 0 0 0 0 0 0.639607 0 0 0 0 0 0 0 0 0 0.835901 0.541357 0.50926 0.954257 0 0 0 0 0 0.64317 0 0 0 0 0 0 0 0 0.834788 0 0 0 0 0 0 0 0 0 0 0 0 0 0 0 0 0 0 0 0 0 0 0 0 0 0 0 0 0 0 0 0 0 0 0 0 0 0 0 0 0 0 0 0 0 0 0.0961828 0.766718 0.905727 0.529786 0 0 0.835065 0.816795 0.351484 
0.192137 0 0 0 0 0 0 0 0 0.90814 0 0 0 0 0 0 0 0 0 0.539859 0.996284 0.180262 0.946539 0 0 0 0 0 0.257661 0 0 0 0 0 0 0 0 0.451932 0 0 0 0 0 0 0 0 0 0 0 0 0 0 0 0 0 0 0 0 0 0 0 0 0 0 0 0 0 0 0 0 0 0 0 0 0 0 0 0 0 0 0 0 0 0 0.540537 0.707488 0.925428 0 0 0 0.159279 0.652022 0.446456 
0.23915 0 3.11596e-06 2.80524e-05 1.17916e-06 0 0 1.17163e-05 0 0.910105 1.57616e-05 3.68734e-07 0 0.000110449 4.52904e-07 4.39342e-05 3.51509e-06 0 2.73311e-07 0.364744 0.753207 0.129188 0.0683387 7.86845e-05 3.76085e-07 0.000182813 1.10818e-05 4.71208e-05 0.576556 4.18374e-05 0 0 0 0 0 0 0 0.309465 6.22828e-07 0 0 0 7.86002e-07 0 0 0 0 0 0 0 0 0 0 0 0 0 0 0 5.51599e-07 0 0 0 0 0 0 0 0 0 0 0 0 5.15353e-07 0 0 0 0 0 0 0 0 0 0 0 0 0 0.878399 0.409083 0.580069 0 0 0.0385452 0.254959 0.815291 
0.999278 0.841667 0 0 0 0 0 0.841665 0 0.0873039 0 0.841665 0 0 0 0 0 0 0 0.690819 0.155592 0.0847155 0.605225 0.754516 0.607744 0.841663 5.005e-06 0.0244378 0.345568 0.188546 0.763147 0 0 0 0 0 0 0.90827 0 0 0 0 0 0 0 0 0 0 0 0 0 0 0 0 0 0 0 0 0 0 0 0 0 0 0 0 0 0 0 0 0 0 0 0 0 0 0 0 0 0 0 0 0 0 0.467664 0 0.618632 0 0.228217 0 0 0.720326 0.838396 
0.0874915 1.1059e-07 2.64536e-07 0.0469143 0 0 0 0.0513825 3.75031e-07 0.295571 0.0072339 1.81406e-07 0 0.0210089 1.96335e-06 0.080886 0.0418011 0 5.79518e-07 0.976137 0.327862 0.92326 0.163618 0.046245 0 0.0483507 0.0443795 0.0388166 0.4645 0.0794873 0 0 0 0 0 0 0 0.290746 0 0 0 0 0 0 2.12081e-07 0 0 0 0 0 0 0 0 0 0 0 0 0 0 0 0 0 0 0 0 0 0 0 0 0 0 0 0 0 0 0 0 0 0 0 0 0 0 0 0 0.290749 0.0821194 0.750962 0 0 0.425792 0 0.172993 
0.266664 0 7.59481e-07 5.74949e-07 0 1.30204e-07 1.75843e-05 1.22566e-07 0 0.491952 6.35303e-07 4.58244e-07 0 0 1.07271e-07 0 0 0 1.11742e-07 0.741952 0.0672652 0.331546 0.925056 3.37572e-05 0 5.10349e-07 0 3.15903e-07 0.318927 2.50369e-07 0 0 0 0 0 0 0 0.277374 0 0 0 0 0 0 0 0 0 0 0 0 0 0 0 0 0 0 0 0 0 0 0 0 0 0 0 0 0 0 0 0 0 0 0 0 0 0 0 0 0 0 0 0 0 0 0 0.858624 0.951039 0 0 0 0.71321 0.897059 0.67381 
0.886595 0.000160172 0.160348 0.522262 0.00508786 0.0012961 0.0273133 0.0355226 0.00149159 0.0713383 0.00444094 0.0901141 0.000250154 0.0191173 0.00892022 0.0224634 0.037216 0.000176169 0.0223014 0.622002 0.385905 0.0749423 0.825812 0.36595 0.000544331 0.0861865 0.269644 0.015715 0.267371 0.12297 0.0699677 0.00276876 0.00174622 6.21414e-05 0 1.09965e-06 0.0211603 0.633255 0.00455177 0.0356931 0.00194251 0.00037595 0.0601874 0.00105384 0.0550912 0.00688374 0.00321789 0.00575314 4.38091e-05 0.010946 0.000105478 0.00343142 0.000113943 0.000201252 7.95339e-05 0 0 0.000400067 0.00084032 0.0112085 0.000124125 0.000821396 0.0202807 0.00108985 4.96801e-05 4.43014e-05 4.89066e-06 6.58883e-05 0.0010624 0.00152464 0.0074853 8.66847e-06 0 0 0.00131123 1.06836e-05 0.000977616 6.8745e-05 0 0.000548151 0.000953293 0.0092085 0 0.00946132 0.393304 0.998952 0.858037 0.459865 0 0.104204 0.238786 0 0.231543 
0.443014 0 0 0 0 0 0 0 0 0.145878 0 0 0 0 0 0 0 0 0 0.372208 0.821173 0.8492 0.830305 0 0 0 0 0 0.459338 0 0 0 0 0 0 0 0 0.00595672 0 0 0 0 0 0 0 0 0 0 0 0 0 0 0 0 0 0 0 0 0 0 0 0 0 0 0 0 0 0 0 0 0 0 0 0 0 0 0 0 0 0 0 0 0 0 0 0.37364 0.325915 0.770884 0 0 0.996253 0 0.955345 
0.156882 0 2.02762e-07 1.47085e-05 0 0 8.7626e-06 1.33531e-05 0 0.878355 7.57389e-06 0 0 4.16986e-05 0 1.11178e-05 1.00329e-05 0 0 0.176886 0.428017 0.990694 0.411603 0.000112227 0 7.17694e-05 1.12113e-05 1.12157e-05 0.617683 2.22269e-05 0 0 0 0 0 0 0 0.656051 0 0 0 0 0 0 0 0 0 0 0 0 0 0 0 0 0 0 0 0 0 0 0 0 0 0 0 0 0 0 0 0 0 0 0 0 0 0 0 0 0 0 0 0 0 0 0.0988954 0.988003 0.461456 0.733052 0 0 0.0141088 0.356318 0.935172 
0.632085 0.00286191 0.000593552 0.0182873 0.00618946 0.00225629 0.757288 0.756329 6.15713e-06 0.0334783 0.00407519 0.0725797 0.0226733 0.000111796 0.0172356 0.000772307 7.24666e-06 0.0073552 0.0289417 0.711229 0.0916073 0.0284898 0.620772 0.505121 0.841657 0.0992263 0.0811108 0.0702485 0.269076 0.128003 0 0 0 0 0.00127899 0.833327 0 0.955913 0.660106 0.00122816 0.703568 0 3.44637e-06 6.42264e-05 1.15698e-06 0 0.00252856 0.760299 0 0 0 0 0 0 0 0 1.17041e-07 0 0 0 0 0 0 0 0 0 0 0 0 0 0 0 0 0 0 0 0 0 3.42042e-05 0 0 0 0 0.73977 0.94699 0 0.385785 0.0383923 0.479232 0.742341 0.74367 0.461425 0.420852 
0.324983 0.511056 5.18734e-06 0.0115165 7.89008e-06 0.0507321 0.0105546 0.00545042 0 0.127059 0.00681259 8.37956e-06 0 0 5.87954e-06 3.23248e-07 0 7.84056e-07 2.56944e-06 0.749448 0.0589749 0.970441 0.259189 0.443541 0.348315 0.0114978 0.00045507 0.00912239 0.863672 0.158099 0 0 0 0 0 0 0 0.931861 0 0 0 0 0 0 0 0 0 0 0 0 0 0 0 0 0 0 0 0 0 0 0 0 0 0 0 0 0 0 0 0 0 0 0 0 0 0 0 0 0 0 0 0 0 0 0.659112 0.651656 0.196712 0 0.887761 0.095377 0.432375 0.0997669 0.791306 
0.17673 0 2.24248e-07 0 0 0 0 0 0 0.537864 0.000242453 5.27504e-07 0 0 0 0 0 0 0 0.55401 0.558356 0.203644 0.123334 3.79225e-07 0 1.07875e-07 1.87415e-07 1.99293e-07 0.44596 0.000205047 0 0 0 0 0 0 0 0.468928 0 0 0 0 0 0 0 0 0 0 0 0 0 0 0 0 0 0 0 0 0 0 0 0 0 0 0 0 0 0 0 0 0 0 0 0 0 0 0 0 0 0 0 0 0 0 0 0.15565 0.391968 0.165456 0.760862 0 0 0.660562 0.598277 
0.566169 0 0 0 0 0 0 0 0 0.147425 1.01613e-07 0 0 0 0 0 0 0 0 0.882022 0.237467 0.168962 0.745101 0 0 0 0 0 0.540926 0 0 0 0 0 0 0 0 0.815699 0 0 0 0 0 0 0 0 0 0 0 0 0 0 0 0 0 0 0 0 0 0 0 0 0 0 0 0 0 0 0 0 0 0 0 0 0 0 0 0 0 0 0 0 0 0 0 0.606985 0.613258 0 0.694411 0 0.176184 0 0.722542 
0.675234 0 0 0 0 0 0 0 0 0.233513 0 0 0 0 0 0 0 0 0 0.506275 0.815836 0.478269 0.243735 0 0 0 0 0 0.223895 0 0 0 0 0 0 0 0 0.183177 0 0 0 0 0 0 0 0 0 0 0 0 0 0 0 0 0 0 0 0 0 0 0 0 0 0 0 0 0 0 0 0 0 0 0 0 0 0 0 0 0 0 0 0 0 0 0.375403 0 0.310889 0.10183 0 0 0.564441 0.154008 0.951652 
0.410966 0 0 0 0 0 0 0 0 0.207661 0 0 0 0 0 0 0 0 0 0.308292 0.851479 0.0197099 0.00811535 0 0 0 0 0 0.68881 0 0 0 0 0 0 0 0 0.283212 0 0 0 0 0 0 0 0 0 0 0 0 0 0 0 0 0 0 0 0 0 0 0 0 0 0 0 0 0 0 0 0 0 0 0 0 0 0 0 0 0 0 0 0 0 0 0.124827 0 0.625626 0 0 0 0.992188 0.383154 0.24505 
0.510968 0.00588325 0.095718 0.134048 0.0364833 0 0.0107597 0.0662884 0.0116363 0.601584 0.187454 0.022701 0 0.0171609 0.0231183 0.0189639 0 0.011583 0.0552017 0.393584 0.25619 0.184946 0.513277 0.326282 0.052872 0.156229 0.0802116 0.0136047 0.618424 0.178065 0 0 0 0 0 0 0 0.669479 0 0 0 0 0 0 0.0127872 0 0 0 0 0 0 0 0 0 0 0.0115809 0 0 0 0 0 0 0 0 0 0 0 0 0 0 0 0 0 0 0 0 0 0 0 0 0 0 0 0 0.0473753 0.157241 0.453778 0 0 0 0.0635252 0.132498 0.92672 
0.770812 0.0205447 0.0107666 0.00762049 0.0642297 0.697137 0.00714988 0.00575453 0.000525705 0.0928682 0.0543381 0.0243177 0.116292 0.749021 0.654519 0.00697047 0.000318751 0.0231138 0.0984447 0.590618 0.0661978 0.039768 0.713829 0.422406 0.00878462 0.0210365 0.26503 0.0414621 0.296258 0.0960015 2.24983e-06 2.43799e-06 8.19072e-07 0 0.00473381 0.00222259 2.59117e-05 0.916596 0.0506253 3.32245e-06 2.74021e-06 0 1.13997e-05 1.58142e-07 0.704619 1.81347e-05 1.1916e-06 3.86209e-06 0 6.23014e-06 0 1.94061e-07 0 0 0 0 0 0 0 8.33363e-07 0 0 0 0 0 0 2.36375e-07 0 2.48944e-06 0 0 0 0 0 0 0 1.76918e-05 0 0.00152661 0 2.89355e-07 0 2.61384e-06 2.719e-05 0 0 0.201588 0.561511 0 0.657568 0.919876 0.0267063 0.107929 
0.761183 0 0 0 0 0 0 0 0 0.980533 3.20091e-07 0 0 0 0 0 0 0 3.26885e-06 0.337258 0.0907645 0.353412 0.162614 1.53141e-05 3.2392e-06 0 4.17992e-07 0 0.71789 8.252e-06 0 0 0 0 0 0 0 0.948278 0 0 0 0 0 0 0 0 0 0 0 0 0 0 0 0 0 0 0 0 0 0 0 0 0 0 0 0 0 0 0 0 0 0 0 0 0 0 0 0 0 0 0 0 0 0 0 0.340432 0.239216 0.559018 0 0 0.064424 0.313203 0.0265421 
0.972447 0 0 0 0 0 0 2.2654e-07 0 0.558915 0 0 0 0 0 0 0 0 8.4613e-07 0.908538 0.887598 0.0219792 0.980185 0 0 0 0 0 0.305978 2.51791e-07 0 0 0 0 0 0 0 0.744877 0 0 0 0 0 0 0 0 0 0 0 0 0 0 0 0 0 0 0 0 0 0 0 0 0 0 0 0 0 0 0 0 0 0 0 0 0 0 0 0 0 0 0 0 0 6.24896e-07 0 0.677045 0.122761 0 0 0 0.380133 0.926021 0.798945 
0.444248 0 0 0 0 0 0 0 0 0.488141 2.87012e-05 0 0 0 0 0 0 0 0 0.335046 0.102241 0.77516 0.242497 0 0 0 0 0 0.88651 2.40754e-05 0 0 0 0 0 0 0 0.977986 0 0 0 0 0 0 0 0 0 0 0 0 0 0 0 0 0 0 0 0 0 0 0 0 0 0 0 0 0 0 0 0 0 0 0 0 0 0 0 0 0 0 0 0 0 0 0.405578 0.417979 0.440918 0 0.208081 0 0.401532 0 0.693558 
0.091319 0 0 0 0 0 0 0 0 0.929216 0 0 0 0 0 0 0 0 0 0.91565 0.321877 0.844712 0.743086 0 0 0 0 0 0.484791 0 0 0 0 0 0 0 0 0.271404 0 0 0 0 0 0 0 0 0 0 0 0 0 0 0 0 0 0 0 0 0 0 0 0 0 0 0 0 0 0 0 0 0 0 0 0 0 0 0 0 0 0 0 0 0 0 0.285206 0 0.249818 0 0.0204457 0 0.805577 0.864549 0.119654 
0.40712 0.000164156 7.4292e-05 0.00270997 0.000177875 0.00520612 0.0173673 0.0033289 7.2132e-06 0.29034 0.000955516 2.73553e-05 0.000734465 0.000323654 0.00130724 2.59709e-07 0 0.00639096 0.00563446 0.36997 0.837323 0.519943 0.922435 0.011944 0.00144602 0.00206952 0.0104865 0.000468181 0.367954 0.00362815 0 0 0 0 0 0 0 0.982045 4.04757e-07 0 3.68443e-06 0 0.00474574 2.03073e-05 1.24619e-05 0 0 1.05437e-06 0 4.76266e-05 0 0 0 0 0 0 0 0 0 0 0 0 0 0 0 0 1.31366e-05 0 0 0 0 0 0 0 0 0 0 0 6.45913e-05 0 0 0 0 0 0 0.0512254 0.0780389 0 0 0 0.818963 0.272019 0.270447 
0.527742 0 0 0 0 0 0.0037299 0 0 0.904357 0 0 0 0 0 0 0 0 0 0.576527 0.957978 0.120144 0.502555 0.00144349 0 6.60577e-07 3.88432e-06 0 0.771039 0 0 0 0 0 0 0 0 0.862177 0 0 0 0 0 0 0 0 0 0 0 0 0 0 0 0 0 0 0 0 0 0 0 0 0 0 0 0 0 0 0 0 0 0 0 0 0 0 0 0 0 0 0 0 0 0 0.767499 0.656492 0.375357 0 0.768635 0 0 0 0.473989 
0.89297 0 0 0 0 0 0 0 0 0.373977 0 0 0 0 0 0 0 0 0 0.760294 0.177354 0.743935 0.289893 0 0 0 0 0 0.683034 0 0 0 0 0 0 0 0 0.627795 0 0 0 0 0 0 0 0 0 0 0 0 0 0 0 0 0 0 0 0 0 0 0 0 0 0 0 0 0 0 0 0 0 0 0 0 0 0 0 0 0 0 0 0 0 0 0.394065 0.684436 0.567653 0 0 0 0.837834 0 0.909172 
0.423921 1.12791e-05 6.89398e-05 0.00261805 0.0296518 9.48873e-05 0.0408704 0.000159321 4.29694e-05 0.20939 4.56517e-05 0.00550143 0.428894 4.80602e-05 0.0221717 0.000102771 0.00022587 0.0105588 0.0360425 0.330336 0.959904 0.0122776 0.819582 0.218394 6.11368e-05 0.000757404 0.246881 0.0578187 0.501495 0.233399 8.60626e-06 0 0 0 0 0 1.78377e-06 0.756882 3.57936e-06 3.13475e-05 0 0 3.39848e-05 2.84052e-05 2.2675e-06 0 2.98634e-06 2.77947e-06 0 0.000460797 6.92305e-06 1.92246e-05 4.58443e-07 2.38965e-06 2.67358e-05 0 1.55193e-07 1.45247e-05 0.000116558 2.10627e-07 6.15357e-07 9.08882e-07 3.54351e-06 5.67204e-07 1.37276e-07 0 0 1.01711e-07 3.74426e-06 0 5.38965e-07 3.57547e-05 0 0 3.82317e-07 9.03943e-06 4.81425e-05 0 1.84146e-07 0 3.40057e-06 1.9968e-06 0 8.64233e-05 0.91067 0.836537 0.289938 0.163502 0 0.966678 0.734688 0 0.89334 
0.708517 0.369978 0.00967277 0.0181896 0.00197758 0 0.000608858 0.00299079 0.00138264 0.375598 0.0140675 0.000372734 0 0.000544432 0.00302296 0.00128045 0 7.92957e-05 0.00241243 0.551853 0.247175 0.284482 0.880029 0.363159 0.00350042 0.00786973 0.314046 0.00279599 0.0479751 0.0283331 0 0 0 0 0 0 0 0.737329 0 0 0 0 0 0 7.41274e-05 0 0 0 0 0 0 0 0 0 0 0.000603522 0 0 0 0 0 0 0 0 0 0 0 0 0 0 0 0 0 0 0 0 0 0 0 0 0 0 0 0 0.346002 0.934331 0.923995 0 0 0 0 0 0.843256 
0.985188 0 0 0 0 0 4.4479e-05 0 0 0.832138 0 0 0.0027742 0 0 0 0 0 1.45897e-06 0.253568 0.705169 0.408447 0.875907 1.05826e-07 0 1.05205e-05 0.000653684 2.46666e-06 0.26497 0 0 0 0 0 0 0 0 0.280095 0 0 0 0 0 0 0 0 0 0 0 0 0 0 0 0 0 0 0 0 0 0 0 0 0 0 0 0 0 0 0 0 0 0 0 0 0 0 0 0 0 0 0 0 0 1.30065e-06 0.993298 0.226581 0.0649847 0.256668 0 0 0.734038 0.380006 0.0602109 
0.612963 0 0 0 0 0 0 0 0 0.649122 0 0 0 0 0 0 0 0 0 0.822984 0.661442 0.0182207 0.67394 0 0 0 0 0 0.498832 0 0 0 0 0 0 0 0 0.924615 0 0 0 0 0 0 0 0 0 0 0 0 0 0 0 0 0 0 0 0 0 0 0 0 0 0 0 0 0 0 0 0 0 0 0 0 0 0 0 0 0 0 0 0 0 0 0 0.22131 0.999322 0.419723 0 0 0.121099 0.666423 0.44275 
0.13849 0.00641645 0.055317 0.077097 0.0108423 0.000261851 0.00199755 0.00813413 0.00149938 0.347757 0.332208 0.271429 0 0 0.0161874 0.0110365 0.00095663 0.000850977 0.0221683 0.6824 0.664953 0.263891 0.764304 0.443264 0.000133625 0.0874117 0.0316012 0.17455 0.891017 0.197894 0 0 0 0 0 0 0 0.781321 0.00230939 0 0 0 0.00105662 0 0 0 0 0 0 0 0 0 0 0 0 0 0 0 0.000486659 0 0 0 0 0 0 0 0 0 0 0 0 0.000983218 0 0 0 0 0 0 0 0 0 0 0 0 0.259681 0.153463 0.834577 0.145822 0 0.149242 0.555433 0.957537 0.74539 
0.0383668 9.15374e-05 0.000973231 0.0429536 0.000248162 0.00837095 0.239992 0.145019 6.5155e-07 0.555407 0.310553 0.000930568 0 0 0.000232447 0 7.02419e-05 0.00815766 0.000461426 0.741664 0.719185 0.48539 0.738975 0.116011 0.000804273 0.274796 0.194886 0.247076 0.148106 0.00652097 0 0 0 0 0 0 0 0.85815 0.000112667 0 0 0 2.34418e-05 0 0 0 0 0 0 0 0 0 0 0 0 0 0 0 3.00612e-05 0 0 0 0 0 0 0 0 0 0 0 0 4.28134e-05 0 0 0 0 0 0 0 0 0 0 0 0 0.999385 0.753065 0.101422 0.263085 0.441111 0 0 0.928255 0.771632 
0.239722 0 0 0 0 0 2.10313e-05 0 0 0.0449775 0 0 0 0 0 0 0 0 0 0.470478 0.678289 0.570435 0.0653974 8.056e-06 0 0 0 0 0.10673 0 0 0 0 0 0 0 0 0.991427 0 0 0 0 0 0 0 0 0 0 0 0 0 0 0 0 0 0 0 0 0 0 0 0 0 0 0 0 0 0 0 0 0 0 0 0 0 0 0 0 0 0 0 0 0 0 0.938568 0.855652 0.65584 0 0 0 0 0.689954 0.606619 
0.169297 0.000236253 0.00245912 0.0842818 0.000482443 0 0.00011673 0.0831836 0.000239988 0.644556 0.0876296 0.00120053 0 0.166205 0.000473473 0.0747206 0.0392712 0.000257683 0.00115476 0.519261 0.884153 0.821853 0.613635 0.302597 0.00316538 0.243626 0.0782852 0.115367 0.663631 0.185486 0 0 0 0 0 0 0 0.774887 0 0 0 0 0 0 0.000536344 0 0 0 0 0 0 0 0 0 0 0.000588881 0 0 0 0 0 0 0 0 0 0 0 0 0 0 0 0 0 0 0 0 0 0 0 0 0 0 0 0 0.288597 0.0583843 0.348208 0 0 0 0.0484956 0.841151 0.136857 
0.81009 0.000262114 0.0164036 0.0377318 0.0033733 0.000657795 0.00422225 0.0134556 0.000542716 0.893128 0.00102688 0.00500979 0.000170505 0.00184407 0.00174337 0.00539009 0.0100422 0.000243774 0.00312381 0.611387 0.359165 0.0846229 0.714875 0.341074 0.00682492 0.0179734 0.354979 0.00272273 0.319384 0.209294 0.0039147 0.0004545 0.000705413 5.60388e-05 0 5.38536e-07 0.0052862 0.878763 0.000433332 0.00210398 0.000683423 2.87395e-05 0.00720042 0.000666757 0.00354902 0.0017757 0.000903494 0.000201558 2.76464e-05 0.000658039 0.000162515 0.000488058 5.12184e-05 0.000119523 4.70182e-05 0 0 0.000173484 0.000472866 0.000155097 6.46953e-06 4.35386e-05 0.000856606 4.48788e-05 3.72196e-06 0 2.61509e-06 4.73908e-06 0.000226943 0.000335528 0.000103597 6.29248e-06 0 8.57942e-05 5.56746e-05 9.80925e-06 0.000178656 4.76598e-06 3.34899e-06 4.48964e-05 0.000151008 5.72678e-05 0 0.019724 0.0500002 0.920534 0.818758 0.305906 0 0 0.695454 0 0.215302 
0.451086 0 0 0 0 0 0 0 0 0.321764 0.00128081 0 0 0 0 0 0 0 0 0.311231 0.53307 0.864578 0.938379 0 0 0 0 0 0.348048 0.00108478 0 0 0 0 0 0 0 0.0424592 0 0 0 0 0 0 0 0 0 0 0 0 0 0 0 0 0 0 0 0 0 0 0 0 0 0 0 0 0 0 0 0 0 0 0 0 0 0 0 0 0 0 0 0 0 0 0 0 0.880471 0 0.886216 0 0 0 0.141825 
0.486081 0 0 0 4.04509e-07 0 4.26039e-06 0 0 0.0499133 0 7.66698e-07 0 0 3.83492e-07 0 0 9.90333e-07 7.0434e-07 0.901065 0.187294 0.0598806 0.36984 3.35064e-07 0 0 2.58922e-06 3.31752e-07 0.752414 5.29767e-07 0 0 0 0 0 0 0 0.173259 0 0 0 0 0 0 0 0 0 0 0 0 0 0 0 0 0 0 0 0 0 0 0 0 0 0 0 0 0 0 0 0 0 0 0 0 0 0 0 0 0 0 0 0 0 0 0.34119 0.718855 0.787987 0 0 0 0.541568 0.315482 0.163653 
0.819679 0 0 0 0 0 0 0 0 0.897631 0 0 0 0 0 0 0 0 0 0.998921 0.304264 0.21779 0.850165 0 0 0 0 0 0.804045 0 0 0 0 0 0 0 0 0.451394 0 0 0 0 0 0 0 0 0 0 0 0 0 0 0 0 0 0 0 0 0 0 0 0 0 0 0 0 0 0 0 0 0 0 0 0 0 0 0 0 0 0 0 0 0 0 0.720748 0.602384 0.00244128 0.409829 0 0 0.611817 0.467632 0.878887 
0.11185 0 0 0 0 0 0 0 0 0.848941 0 0 0 0 0 0 0 0 0 0.987128 0.518682 0.95777 0.317469 0 0 0 0 0 0.519365 0 0 0 0 0 0 0 0 0.927733 0 0 0 0 0 0 0 0 0 0 0 0 0 0 0 0 0 0 0 0 0 0 0 0 0 0 0 0 0 0 0 0 0 0 0 0 0 0 0 0 0 0 0 0 0 0 0 0.30336 0.4822 0 0.906482 0 0.45737 0 0.328146 
0.353088 3.01007e-06 3.16822e-05 2.00174e-05 2.27947e-06 0 2.50671e-06 1.75538e-05 1.27251e-06 0.16607 0.398344 1.30519e-05 0 4.14411e-06 1.93872e-05 2.80523e-05 0 8.51121e-06 3.32227e-05 0.978307 0.342761 0.0976574 0.398168 0.00247046 1.06294e-05 0.000880581 0.0011274 2.40526e-06 0.951207 0.410008 0 0 0 0 0 0 0 0.671623 0 0 0 0 0 0 7.00436e-06 0 0 0 0 0 0 0 0 0 0 0.000824275 0 0 0 0 0 0 0 0 0 0 0 0 0 0 0 0 0 0 0 0 0 0 0 0 0 0 0 0 0 0.111731 0.0513656 0 0.0803955 0 0.271276 0 0.27718 
0.808373 0 0 0 0 0 0 0 0 0.837872 0 0 0 0 0 0 0 0 0 0.859504 0.809042 0.489174 0.623378 0 0 0 0 0 0.968486 0 0 0 0 0 0 0 0 0.853581 0 0 0 0 0 0 0 0 0 0 0 0 0 0 0 0 0 0 0 0 0 0 0 0 0 0 0 0 0 0 0 0 0 0 0 0 0 0 0 0 0 0 0 0 0 0 0.667317 0.93966 0.164042 0 0.0242283 0 0.238179 0 0.862704 
0.632477 0 0 0 0 0 0 0 0 0.666558 0 0 0 0 0 0 0 0 0 0.743038 0.851304 0.0161281 0.614019 0 0 0 0 0 0.777192 0 0 0 0 0 0 0 0 0.426533 0 0 0 0 0 0 0 0 0 0 0 0 0 0 0 0 0 0 0 0 0 0 0 0 0 0 0 0 0 0 0 0 0 0 0 0 0 0 0 0 0 0 0 0 0 0 0 0.257521 0.613271 0.0189345 0.0300258 0 0.138163 0.625575 0.485716 
0.327773 0 0 0 0 0 0 0 0 0.198296 0 0 0 0 0 0 0 0 0 0.7392 0.664124 0.135922 0.685316 0 0 0 0 0 0.926461 0 0 0 0 0 0 0 0 0.884938 0 0 0 0 0 0 0 0 0 0 0 0 0 0 0 0 0 0 0 0 0 0 0 0 0 0 0 0 0 0 0 0 0 0 0 0 0 0 0 0 0 0 0 0 0 0 0.266861 0.134601 0.875738 0.808073 0 0 0 0.622133 0.00482049 
0.814379 3.45698e-05 2.31651e-05 0.000184513 0.000602513 0.000193452 0.00404421 0.00260237 0 0.338837 0.000245434 0.000699547 0.000184303 0.000237088 0.000544709 0 0 0.00107783 0.381033 0.820441 0.0928657 0.285958 0.0583111 0.0118169 0.00405063 0.0057938 0.00426251 0.00265595 0.78056 0.01608 0 0 0 0 9.27415e-05 0.00181458 0 0.969319 1.23243e-05 3.79453e-07 7.93184e-05 0 1.13743e-05 2.18928e-06 0.000252567 0 0 0 0 0 0 0 0 0 0 0 4.92378e-06 0 0 0 0 0 0 0 0 0 8.00294e-07 0 0 0 0 4.84207e-07 0 0 0 0 1.77754e-06 0 3.3003e-06 0 0 0 0 0.022533 0.460778 0.416705 0.218587 0 0 0 0.798836 0 0.783883 
0.821202 0.516679 0 0 0.757703 0 0.679717 0 0 0.571783 0.657031 0 0.746984 0 0 0 0 0 0 0.0540349 0.149134 0.128736 0.3523 0.459127 0.6866 0.000716983 0.0218944 0.562164 0.889078 0.0665335 0.00503958 0 0 0 0 0 0 0.93242 0 0 0 0 0 0 0 0 0 0 0 0 0 0 0 0 0 0 0 0 0 0 0 0 0 0 0 0 0 0 0 0 0 0 0 0 0 0 0 0 0 0 0 0 0 0 0 0 0.257173 0.921136 0.729366 0.4521 0.643512 0.464055 0.170412 
0.994907 0 0 0 0 0 0 0 0 0.815314 0 0 0 0 0 0 0 0 0 0.351881 0.894423 0.0566393 0.959311 0 0 0 0 0 0.000398087 0 0 0 0 0 0 0 0 0.963972 0 0 0 0 0 0 0 0 0 0 0 0 0 0 0 0 0 0 0 0 0 0 0 0 0 0 0 0 0 0 0 0 0 0 0 0 0 0 0 0 0 0 0 0 0 0 0 0.152087 0.0184672 0.446638 0.318808 0 0.703391 0.249044 0.162407 
0.0811697 0 0 0 0 0 0 0 0 0.202014 0 0 0 0 0 0 0 0 0 0.129051 0.141428 0.224735 0.750375 0 0 0 0 0 0.400442 0 0 0 0 0 0 0 0 0.321806 0 0 0 0 0 0 0 0 0 0 0 0 0 0 0 0 0 0 0 0 0 0 0 0 0 0 0 0 0 0 0 0 0 0 0 0 0 0 0 0 0 0 0 0 0 0 0 0.490212 0.1118 0 0.652563 0 0.813184 0.514099 0.934158 
0.522274 0 0 0 0 0 0 0 0 0.722001 0 0 0 0 0 0 0 0 0 0.168943 0.588142 0.358321 0.741551 0 0 0 0 0 0.43383 0 0 0 0 0 0 0 0 0.271539 0 0 0 0 0 0 0 0 0 0 0 0 0 0 0 0 0 0 0 0 0 0 0 0 0 0 0 0 0 0 0 0 0 0 0 0 0 0 0 0 0 0 0 0 0 0 0.351818 0.179209 0.479971 0 0 0 0.623564 0 0.567251 
0.451167 0 0 0 0 0 0 0 0 0.593818 0 0 0 0 0 0 0 0 0 0.549826 0.998039 0.998384 0.706212 0 0 0 0 0 0.483993 0 0 0 0 0 0 0 0 0.759276 0 0 0 0 0 0 0 0 0 0 0 0 0 0 0 0 0 0 0 0 0 0 0 0 0 0 0 0 0 0 0 0 0 0 0 0 0 0 0 0 0 0 0 0 0 0 0.297818 0.101194 0.560073 0 0 0 0.787861 0.374674 0.599297 
0.524608 0.00113409 0.180878 0.0521449 0.000390386 1.44401e-06 0.0232529 0.0722806 0 0.0827437 0.0270906 0.452502 0.000179458 0.000361948 0.000345187 8.51074e-07 0 0.727495 0.0385592 0.734106 0.104495 0.069219 0.620722 0.482288 0.000485316 0.0701129 0.0234472 0.00494966 0.34891 0.248181 7.65595e-05 0 0 0 9.83262e-07 6.57336e-05 1.14898e-07 0.926981 0 4.11576e-07 1.60709e-06 0 3.52511e-07 0 3.59225e-06 0 1.2621e-06 6.44231e-06 0 0 0 0 0 0 0 0 0.833332 0 0 4.56695e-06 0 6.17796e-06 0 0 0 0 0 0 0 0 6.52118e-05 0 0 0 0 0 0 0 0 1.7266e-07 0 1.13271e-05 0 1.03901e-05 0.72018 0.702549 0.220162 0 0.505027 0 0.0872436 0.625754 0.729746 
0.641498 0.00155416 0.0707423 0.241901 0.0743916 0 0.00492088 0.115453 0.0013338 0.172582 0.191877 0.0271214 0 0.0089448 0.00500001 0.00991458 0 0.0156886 0.166437 0.447915 0.0739296 0.0633603 0.501964 0.452711 0.0986564 0.276839 0.0291247 0.00366504 0.191047 0.243829 0 0 0 0 0 0 0 0.614833 0 0 0 0 0 0 0.0651513 0 0 0 0 0 0 0 0 0 0 0.000251783 0 0 0 0 0 0 0 0 0 0 0 0 0 0 0 0 0 0 0 0 0 0 0 0 0 0 0 0 0 0 0.472125 0 0 0 0 0 0.362377 
0.655833 9.63617e-05 0.0014318 0.00198923 0.000356228 0 0.000116609 0.00109069 6.1752e-05 0.526021 0.00103542 0.00106853 0 0.000208714 0.000120595 0.00107312 0 0.000145242 0.00231825 0.573687 0.567005 0.196066 0.159741 0.00220873 0.00130298 0.00159237 0.000701765 6.97636e-05 0.485893 0.00346406 0 0 0 0 0 0 0 0.673108 0 0 0 0 0 0 0.000658787 0 0 0 0 0 0 0 0 0 0 3.43656e-05 0 0 0 0 0 0 0 0 0 0 0 0 0 0 0 0 0 0 0 0 0 0 0 0 0 0 0 0 0.0842472 0.241818 0.322325 0.897016 0 0 0 0 0.946644 
0.560894 0 0 0 0 0 0 0 0 0.427052 0 0 0 0 0 0 0 0 0 0.0595462 0.780064 0.118834 0.773548 0 0 0 0 0 0.00542162 0 0 0 0 0 0 0 0 0.916772 0 0 0 0 0 0 0 0 0 0 0 0 0 0 0 0 0 0 0 0 0 0 0 0 0 0 0 0 0 0 0 0 0 0 0 0 0 0 0 0 0 0 0 0 0 0 0.288092 0.314803 0.528655 0.674671 0.0243362 0 0 0.187015 0.108444 
0.491247 0 0 0 0 0 0 0 0 0.136253 0 0 0 0 0 0 0 0 0 0.145824 0.533341 0.361971 0.371476 0 0 0 0 0 0.717041 0 0 0 0 0 0 0 0 0.584802 0 0 0 0 0 0 0 0 0 0 0 0 0 0 0 0 0 0 0 0 0 0 0 0 0 0 0 0 0 0 0 0 0 0 0 0 0 0 0 0 0 0 0 0 0 0 0.885431 0.830661 0.430359 0.339119 0.557128 0 0 0.838684 0.771597 
0.0962164 0.000443936 0.00689077 0.151243 0.00273763 0 0.000859206 0.136607 0.00162461 0.266158 0.218237 0.00250092 0 0.162474 0.00255067 0.161832 0.0518605 0.000930562 0.00553144 0.49411 0.74066 0.84593 0.466322 0.383007 0.00540946 0.229489 0.136162 0.154334 0.151017 0.369553 0 0 0 0 0 0 0 0.827079 0 0 0 0 0 0 0.00101945 0 0 0 0 0 0 0 0 0 0 0.00163539 0 0 0 0 0 0 0 0 0 0 0 0 0 0 0 0 0 0 0 0 0 0 0 0 0 0 0 0 0 0.0407116 0.32077 0 0 0 0 0.0944291 0.124386 
0.390419 0 0 0 0 0 0 0 0 0.161199 0.286828 0 0 0 0 0 0 0 0 0.160291 0.78987 0.432462 0.231544 0 0 0 0 0 0.569937 0.293283 0 0 0 0 0 0 0 0.926523 0 0 0 0 0 0 0 0 0 0 0 0 0 0 0 0 0 0 0 0 0 0 0 0 0 0 0 0 0 0 0 0 0 0 0 0 0 0 0 0 0 0 0 0 0 0 0 0.00151541 0.00336192 0.0754889 0.933595 0 0 0 0.843929 
0.412545 0 0 0 0 0 0 0 0 0.167609 0 0 0 0 0 0 0 0 0 0.596321 0.0900002 0.367408 0.631746 0 0 0 0 0 0.861541 0 0 0 0 0 0 0 0 0.134798 0 0 0 0 0 0 0 0 0 0 0 0 0 0 0 0 0 0 0 0 0 0 0 0 0 0 0 0 0 0 0 0 0 0 0 0 0 0 0 0 0 0 0 0 0 0 0 0.767528 0.856386 0.49857 0 0 0.424725 0.624666 0.342412 
0.749963 0 0 0 0 0 0 0 0 0.160565 1.02832e-05 0 0 0 0 0 0 0 0 0.0280646 0.347633 0.796244 0.463355 0 0 0 0 0 0.18605 8.78453e-06 0 0 0 0 0 0 0 0.426239 0 0 0 0 0 0 0 0 0 0 0 0 0 0 0 0 0 0 0 0 0 0 0 0 0 0 0 0 0 0 0 0 0 0 0 0 0 0 0 0 0 0 0 0 0 0 0.257144 0.568444 0.906127 0 0.201692 0 0.236215 0 0.6461 
0.985337 9.23399e-05 0.00056309 1.40839e-05 0.000157855 5.46685e-06 8.76383e-06 0.000509609 7.56505e-05 0.788179 0.00013481 0.000275728 0.000272302 1.93707e-05 0.000144526 4.16012e-06 0 2.2777e-07 4.25415e-06 0.880136 0.905135 0.222804 0.837378 0.463918 0.13755 6.42381e-07 0.215364 0.000615943 0.828066 0.220315 0.000209933 3.03039e-05 1.13171e-05 1.41915e-05 4.65528e-06 1.17047e-06 6.78761e-06 0.00918838 1.08472e-06 0 0.0514528 6.19114e-07 1.81869e-06 2.58503e-06 0 2.79441e-07 7.42347e-07 1.5608e-07 0 0 0 0 0 0 0 0 0 0 0 0 0 0 0 0 0 0 0 0 0 0 0 0 0 0.0616397 0 0 0 0 0 0 0 0 0 0.000151405 0 0.0677327 0.901204 0.118416 0.720403 0 0 0.564397 0.127012 
0.887659 0 0 0 0 0 0 0 0 0.145832 0 0 0 0 0 0 0 0 0 0.412716 0.563068 0.469467 0.325923 0 0 0 0 0 0.614379 0 0 0 0 0 0 0 0 0.861275 0 0 0 0 0 0 0 0 0 0 0 0 0 0 0 0 0 0 0 0 0 0 0 0 0 0 0 0 0 0 0 0 0 0 0 0 0 0 0 0 0 0 0 0 0 0 0.451959 0.272727 0.587159 0.391596 0 0 0.331367 0.0252505 0.77632 
0.634759 0.0256417 0.0149408 0.0892991 0.00105162 0.000440204 0.0495229 0.234173 1.67338e-07 0.0856439 0.0404603 0.34751 0.00148472 0.000131783 0.678017 0.000137305 4.77259e-05 0.0382248 0.0617517 0.694825 0.106725 0.0440804 0.0490403 0.477444 0.00362463 0.162708 0.0416813 0.643112 0.278483 0.0593706 0.000427119 0 0 0 0.000325687 1.3446e-05 2.1136e-06 0.924355 1.44337e-06 8.47771e-05 7.22804e-06 0 8.07015e-06 1.15339e-06 1.06664e-05 6.36981e-07 0.000166331 8.17152e-06 0 2.53812e-06 0 2.33021e-07 0 0 0 0 0.421767 0 2.4536e-07 1.65713e-05 0 4.26313e-05 1.43703e-06 0 0 0 0 0 5.47045e-06 0 0.00042766 0 0 0 0 0 3.25374e-06 0 3.59414e-07 0 2.81264e-07 1.17136e-05 0 8.23062e-05 0.728403 0.836479 0.314574 0 0.183607 0 0.621308 0.422825 0.702005 
0.81685 0 0 0 0 0 0 0 0 0.424081 0 0 0 0 0 0 0 0 0 0.436051 0.147339 0.925303 0.03822 0 0 0 0 0 0.884001 0 0 0 0 0 0 0 0 0.0760539 0 0 0 0 0 0 0 0 0 0 0 0 0 0 0 0 0 0 0 0 0 0 0 0 0 0 0 0 0 0 0 0 0 0 0 0 0 0 0 0 0 0 0 0 0 0 0 0.439879 0.420633 0 0.549428 0 0.635126 0.605518 0.964198 
0.118953 0.000137946 0.00385148 0.0022597 0.000471344 0 4.89063e-05 0.000247022 7.8023e-05 0.923457 0.0028117 0.00275606 0 0 0.000209045 0.000117726 0.000296876 5.90019e-05 0.00312879 0.63021 0.427727 0.676833 0.176512 0.0310897 0 0.0262093 0.0011808 0.000816896 0.416634 0.00210009 0 0 0 0 0 0 0 0.33965 0.000129104 0 0 0 0.000163558 0 0 0 0 0 0 0 0 0 0 0 0 0 0 0 0.00018644 0 0 0 0 0 0 0 0 0 0 0 0 9.97696e-05 0 0 0 0 0 0 0 0 0 0 0 0 0 0.107303 0.679509 0.859249 0 0 0.344323 0.897262 0.141219 
0.166068 0 0 1.57517e-05 0 0 0 2.36621e-05 0 0.477534 3.78675e-06 0 0 2.42351e-05 0 1.05241e-05 2.59634e-05 0 0 0.809288 0.68531 0.0246918 0.854358 9.16603e-06 0 3.65678e-05 1.97523e-05 1.57336e-05 0.981433 2.41965e-05 0 0 0 0 0 0 0 0.2058 0 0 0 0 0 0 0 0 0 0 0 0 0 0 0 0 0 0 0 0 0 0 0 0 0 0 0 0 0 0 0 0 0 0 0 0 0 0 0 0 0 0 0 0 0 0 0.854414 0.3679 0.94228 0 0 0 0.00987376 0.905632 0.619178 
0.115772 0.730501 0.0401358 0.0275503 0.0311312 0.00390564 0.0159251 0.589686 0.000152555 0.108626 0.20748 0.699525 0 0 0.0290044 3.1572e-06 0.000649357 0.000954532 0.686301 0.724135 0.0642846 0.0872284 0.832323 0.547926 0.015046 0.162848 0.0491547 0.187567 0.0863467 0.521359 0 0 0 0 0 0 0 0.926563 0.0117771 0 0 0 0.00189378 0 0 0 0 0 0 0 0 0 0 0 0 0 0 0 0.000467169 0 0 0 0 0 0 0 0 0 0 0 0 0.000940539 0 0 0 0 0 0 0 0 0 0 0 0 0.136029 0 0.723976 0 0 0 0 0.827158 0.791508 
0.480144 0.485045 0 0 0 0.768133 0 0 0 0.158206 0 0 0 0 0 0 0 0 0 0.711728 0.253133 0.168594 0.949846 0.424449 4.80052e-05 0.000461869 0.55887 0.0856126 0.212442 0.00695186 0.00047261 0 0 0 0 0 0 0.658427 0 0 0 0 0.825 0 0 0 0 0 0 0 0 0 0 0 0 0 0 0 0 0 0 0 0 0 0 0 0 0 0 0 0 0 0 0 0 0 0 0 0 0 0 0 0 0 0 0.0425643 0.105348 0 0 0.924864 0.756979 0 0.211227 
0.0954405 0.00382127 0.00404567 0.134902 0.00609982 0.0103123 0.024455 0.0147242 0.000446528 0.9218 0.269645 0.0275482 0 3.95011e-05 0.00576896 0.00091566 0.000129841 0.000283441 0.0062729 0.704688 0.257231 0.994858 0.833942 0.439928 0.0177119 0.0832212 0.0150959 0.114271 0.283173 0.0371729 0 0 0 0 0 0 0 0.718286 4.07987e-06 0 0 0 2.28295e-06 0 0 0 0 0 0 0 0 0 0 0 0 0 0 0 2.19666e-06 0 0 0 0 0 0 0 0 0 0 0 0 1.22396e-06 0 1.73334e-06 0 0 0 0 0 0 0 0 0 0 0.520461 0.0368722 0.594378 0 0 0 0.334793 0.476037 0.82144 
0.231467 4.0805e-05 0.000408188 0.00505552 0.0121251 0 0.00860488 0.027485 8.63723e-05 0.953593 0.0812823 0.0102768 1.75913e-06 1.39919e-06 0.0253123 0.0108089 2.45554e-06 0.0474457 0.000208628 0.546495 0.77128 0.902903 0.689526 0.0473234 0.00590033 0.0381007 0.000554086 0.513903 0.010024 0.0838108 0 0 0 0 0 0 0 0.104601 2.13391e-06 0 1.81659e-06 0 1.31916e-06 0 0 0 0 0 0 0 0 0 0 0 0 0 0 0 1.30162e-06 0 0 0 0 0 0 0 0 0 0 0 0 1.21229e-06 0 0.000179026 0 0 0 0 0 0 0 0 0 0 0.0210271 0 0.809892 0 0.370881 0 0 0 0.163115 
0.0524134 0 0 0 0 0 0 0 0 0.679268 0 0 0 0 0 0 0 0 0 0.972219 0.730783 0.100879 0.32902 0 0 0 0 0 0.146194 0 0 0 0 0 0 0 0 0.173813 0 0 0 0 0 0 0 0 0 0 0 0 0 0 0 0 0 0 0 0 0 0 0 0 0 0 0 0 0 0 0 0 0 0 0 0 0 0 0 0 0 0 0 0 0 0 0.985107 0 0.205038 0 0 0 0 0.834908 0.856031 
0.243432 0 0 0 0 0 0 0 0 0.486952 0 0 0 0 0 0 0 0 0 0.441302 0.870788 0.693068 0.0665848 0 0 0 0 0 0.727729 0 0 0 0 0 0 0 0 0.661881 0 0 0 0 0 0 0 0 0 0 0 0 0 0 0 0 0 0 0 0 0 0 0 0 0 0 0 0 0 0 0 0 0 0 0 0 0 0 0 0 0 0 0 0 0 0 0 0.988837 0.474193 0.197762 0.525799 0 0.276228 0.584987 0.698283 
0.334404 0 0 0 0 0 0 0 0 0.455318 0 0 0 0 0 0 0 0 0 0.798768 0.704837 0.58427 0.954528 0 0 0 0 0 0.110792 0 0 0 0 0 0 0 0 0.478312 0 0 0 0 0 0 0 0 0 0 0 0 0 0 0 0 0 0 0 0 0 0 0 0 0 0 0 0 0 0 0 0 0 0 0 0 0 0 0 0 0 0 0 0 0 0 0.86184 0 0.94406 0.0803901 0 0 0.058959 0.543235 0.00489516 
0.654589 0.000223657 0.0606114 0.680593 0.645702 0 0.000640875 0.653608 0.664802 0.157009 0.730085 0.571647 0 0.652965 0.606864 0.663327 0 0.665709 0.580669 0.43355 0.059812 0.0436359 0.477669 0.45085 0.107707 0.321451 0.676922 0.000212531 0.195424 0.284459 0 0 0 0 0 0 0 0.948169 0 0 0 0 0 0 0.663406 0 0 0 0 0 0 0 0 0 0 0.83333 0 0 0 0 0 0 0 0 0 0 0 0 0 0 0 0 0 0 0 0 0 0 0 0 0 0 0 0 0 0 0.469295 0 0 0 0 0 0.359583 
0.709423 0.501047 0 0 0.626044 0 0 0 0 0.144535 0 0 0 0 0 0 0 0 0 0.805051 0.138749 0.584981 0.335568 0.308792 0.656571 0.000133854 0.0809313 0.16528 0.498167 0.0117416 0.00227201 0 0 0 0 0 0 0.873606 0 0 0 0 0 0 0 0 0 0 0 0 0 0 0 0 0 0 0 0 0 0 0 0 0 0 0 0 0 0 0 0 0 0 0 0 0 0 0 0 0 0 0 0 0 0 0 0 0.168986 0.195522 0 0.686741 0.779932 0 0.16345 
0.0758001 7.61781e-05 0.146355 0.0998111 0.108517 4.52425e-05 0.0440924 0.0129744 0.00181659 0.130806 0.0453799 0.103863 1.83666e-07 4.02095e-07 0.0891835 0.000852883 0.0395893 0.0458217 0.326385 0.140965 0.171602 0.110588 0.711724 0.443799 0.00848505 0.341991 0.0854017 0.142162 0.107431 0.0770886 6.40239e-06 0 0 0 0 0 0 0.676413 0.177857 4.6767e-06 0 0 0.0409619 0 1.91215e-07 0 0 1.68822e-06 0 1.46916e-05 0 0 0 0 0 0 0 0 0.0232387 0 0 0 0 5.06332e-06 0 1.14499e-06 0 0 0 0 0 0.0258483 0 0 8.99876e-06 6.5817e-05 0.00223089 0 0 4.95895e-06 2.95452e-05 2.46714e-06 7.3244e-07 0.000143526 0.323219 0 0.0851729 0.589632 0 0.627203 0 0 0.179087 
0.630462 0 0 0 0 0 0 0 0 0.629866 1.20814e-06 0 0 0 0 0 0 0 0 0.820994 0.141975 0.627141 0.761207 0 0 0 0 0 0.655633 1.03761e-06 0 0 0 0 0 0 0 0.62753 0 0 0 0 0 0 0 0 0 0 0 0 0 0 0 0 0 0 0 0 0 0 0 0 0 0 0 0 0 0 0 0 0 0 0 0 0 0 0 0 0 0 0 0 0 0 0 0.456166 0.72631 0 0.374624 0 0.596696 0.449533 0.110573 
0.0207808 0.000549869 0.148635 0.0211213 0.00923311 0.000580821 0.00954836 0.0113376 2.59372e-05 0.0909446 0.522959 0.0649637 0.000191799 0.000434863 0.0102031 0.000354653 0.00107831 0.0124864 0.00660117 0.785369 0.167458 0.0713538 0.870374 0.573966 0.133649 0.0916207 0.0317246 0.0773178 0.090514 0.226059 0 0 0 0 0 4.17106e-06 0 0.00789802 0.00170579 0 0 0 0.0149746 0 3.16468e-06 0 0 0 0 0 0 0 0 0 0 0 0 0 0.00074297 0 0 0 0 0 0 0 0 0 0 0 0 0.00151431 1.99189e-07 0 0 0 0 0 0 0 0 0 0 0 0.119042 0.00736074 0.758622 0 0 0 0 0.880717 0.833967 
0.584542 0 0 0 0 0 0 0 0 0.383315 0.025815 0 0 0 0 0 0 0 0 0.137702 0.247862 0.150467 0.417142 0 0 0 0 0 0.0395427 0.0220669 0 0 0 0 0 0 0 0.818448 0 0 0 0 0 0 0 0 0 0 0 0 0 0 0 0 0 0 0 0 0 0 0 0 0 0 0 0 0 0 0 0 0 0 0 0 0 0 0 0 0 0 0 0 0 0 0 0.655327 0.884247 0 0.569854 0 0 0.407262 0.490905 
0.743372 0 0 0 2.02204e-07 0 0.000746133 0 0 0.511055 0 3.85434e-07 0 0 1.83477e-07 0 0 2.64753e-06 3.85359e-07 0.870721 0.724257 0.156083 0.823575 0.000249468 0 0 2.33849e-05 1.57896e-07 0.129591 2.11065e-07 0 0 0 0 0 0 0 0.734358 0 0 0 0 0 0 0 0 0 0 0 0 0 0 0 0 0 0 0 0 0 0 0 0 0 0 0 0 0 0 0 0 0 0 0 0 0 0 0 0 0 0 0 0 0 0 0.963111 0.0370465 0.0682919 0 0 0 0.523862 0.611081 0.680695 
0.863757 0 0 0 0 0 0 0 0 0.325597 0 0 0 0 0 0 0 0 0 0.940712 0.958232 0.0245367 0.703567 0 0 0 0 0 0.279458 0 0 0 0 0 0 0 0 0.659607 0 0 0 0 0 0 0 0 0 0 0 0 0 0 0 0 0 0 0 0 0 0 0 0 0 0 0 0 0 0 0 0 0 0 0 0 0 0 0 0 0 0 0 0 0 0 0 0.472957 0.372729 0.362334 0 0 0 0.677782 0.608093 
0.781847 0 0 0 0 0 0 0 0 0.542259 0 0 0 0 0 0 0 0 0 0.554675 0.0520797 0.686979 0.718561 0 0 0 0 0 0.853704 0 0 0 0 0 0 0 0 0.489448 0 0 0 0 0 0 0 0 0 0 0 0 0 0 0 0 0 0 0 0 0 0 0 0 0 0 0 0 0 0 0 0 0 0 0 0 0 0 0 0 0 0 0 0 0 0 0.621601 0 0.572793 0 0 0 0.112656 0.68343 0.715024 
0.00376379 0 1.73712e-06 0.000611055 1.13031e-06 3.52273e-07 1.86721e-05 0.000413819 0 0.854174 0.000199554 1.21015e-05 0 0.0018381 5.35826e-06 0.000878991 0.000568056 7.03508e-06 2.44364e-06 0.247362 0.087059 0.796657 0.512606 0.00135806 9.83196e-07 0.00286861 0.000365874 0.000906253 0.222532 0.00090665 0 0 0 0 0 0 0 0.235252 2.93594e-07 0 0 0 3.56055e-07 0 0 0 0 0 0 0 0 0 0 0 0 0 0 0 2.5484e-07 0 0 0 0 0 0 0 0 0 0 0 0 2.39771e-07 0 0 0 0 0 0 0 0 0 0 0 0 0.385955 0.561013 0.105536 0.544835 0 0 0.327111 0 0.338068 
0.16311 9.74531e-06 0.000214053 0.0420959 0.000141201 0 2.38675e-05 0.0425678 8.27299e-06 0.895067 0.0298221 6.01716e-05 0 0.0845688 4.15487e-06 0.0182421 0.00457488 2.5762e-05 8.73025e-05 0.204543 0.781369 0.54313 0.0711098 0.0740063 0.000153663 0.0991538 0.0367858 0.0428902 0.644221 0.0707957 0 0 0 0 0 0 0 0.347832 0 0 0 0 0 0 7.84908e-06 0 0 0 0 0 0 0 0 0 0 1.36629e-05 0 0 0 0 0 0 0 0 0 0 0 0 0 0 0 0 0 0 0 0 0 0 0 0 0 0 0 0 0 0.153381 0.748906 0.515938 0 0 0.41346 0.229559 0.250478 
0.447087 0 0 0 0 0 0 0 0 0.477892 0 0 0 0 0 0 0 0 0 0.916033 0.2948 0.947194 0.670234 0 0 0 0 0 0.735782 0 0 0 0 0 0 0 0 0.770919 0 0 0 0 0 0 0 0 0 0 0 0 0 0 0 0 0 0 0 0 0 0 0 0 0 0 0 0 0 0 0 0 0 0 0 0 0 0 0 0 0 0 0 0 0 0 0 0.197482 0.594303 0.360982 0.449794 0 0 0.441864 0.626759 
0.689957 0 0.742261 0.00456303 0.000596043 0.659721 0.00100348 0.00331519 2.93876e-05 0.0285718 0.00717551 0.031832 0.0120989 0.000103512 0.0049962 0.824983 0.696738 0.580926 0.015455 0.63157 0.167827 0.0244767 0.78857 0.492539 0.00351437 0.753126 0.15237 0.0152586 0.187651 0.0769658 8.48195e-06 1.86827e-06 1.08118e-07 0 0.00311945 8.3883e-06 0.0052618 0.90494 0.71081 0.00144192 3.06261e-05 0 0.600866 0 0.00493994 0.000908493 2.90765e-06 0.00118107 0 0.00141788 0 0.000186591 0 0 0 0 0 0 0.763902 0.032302 0 0 0 6.79004e-07 0 0 0 0 1.21002e-06 0 0 0 0 0 2.23206e-06 0 1.66774e-07 0 0.000840442 1.46643e-06 0 0.0161037 4.68749e-06 3.57641e-07 0.500016 0 0.630552 0.771076 0.386416 0 0.61362 0.967177 0.425473 
0.861053 0 0.000166357 1.86699e-07 2.03734e-07 6.32357e-07 3.34395e-05 5.4077e-07 2.03199e-07 0.0905287 4.67645e-07 1.39788e-07 0.000264123 0 2.26613e-05 0 0 0 4.6971e-06 0.0767177 0.0144982 0.187989 0.138506 6.25814e-05 1.87072e-06 1.48267e-05 6.91765e-05 2.90256e-07 0.0791653 1.87635e-05 0 0 0 0 0 0 0 0.54853 0 0 0 0 0 0 0 0 0 0 0 0 0 0 0 0 0 0 0 0 0 0 0 0 0 0 0 0 0 0 0 0 0 0 0 0 0 0 0 0 0 0 0 0 0 0 0.802953 0.0696719 0.40737 0.775261 0.474078 0 0.842246 0 0.833822 
0.468522 3.05524e-05 0.000508319 0.000568389 8.69785e-05 0 5.67967e-05 0.000220014 0.000126116 0.750199 0.0796747 8.41046e-05 0 0.000200604 0.000370759 0.000102591 0 6.67329e-05 0.000621818 0.694347 0.255614 0.711594 0.0325686 0.00154397 0.000177162 0.00079102 0.000490231 0.000144778 0.424944 0.0719845 0 0 0 0 0 0 0 0.347548 0 0 0 0 0 0 3.89792e-05 0 0 0 0 0 0 0 0 0 0 6.98428e-05 0 0 0 0 0 0 0 0 0 0 0 0 0 0 0 0 0 0 0 0 0 0 0 0 0 0 0 0 0 0.345164 0.871287 0 0 0 0.780769 0 0.685413 
0.0620432 0 0 0 0 0 0 0 0 0.206935 0 0 0 0 0 0 0 0 0 0.655142 0.933476 0.143583 0.39215 0 0 0 0 0 0.788506 0 0 0 0 0 0 0 0 0.508315 0 0 0 0 0 0 0 0 0 0 0 0 0 0 0 0 0 0 0 0 0 0 0 0 0 0 0 0 0 0 0 0 0 0 0 0 0 0 0 0 0 0 0 0 0 0 0 0.513942 0.717524 0.450792 0.0991136 0 0 0.667287 0.758822 
0.0694981 1.53563e-06 0.10588 0.0553199 0.672074 2.9818e-05 0.104463 0.00344105 0.761597 0.0429705 0.0366928 0.593786 1.48659e-05 9.4325e-05 0.147187 0.000562251 0.0230807 0.00225423 0.017004 0.556193 0.151133 0.0353937 0.750626 0.477359 0.0140555 0.210815 0.100243 0.683345 0.0593 0.276189 0.00185642 0 0 0 0 0 2.56189e-06 0.891577 0.750853 8.65268e-06 0 0 0.0535917 0 2.34145e-05 0 1.82062e-07 0 0 4.94641e-05 0 0 0 3.1239e-07 0 0 0 2.23707e-05 0.0079605 3.57371e-05 0 2.48753e-05 6.76108e-05 0 0 0 0 0 1.46657e-05 0 0.00169483 0.763968 0 0 0.763962 0 8.18092e-06 0 0 0 6.0623e-07 4.07561e-06 0.833329 4.76763e-05 0 0 0.541138 0.0217257 0 0.25208 0 0 0.302201 
0.645128 6.62069e-06 1.74103e-05 0.000230439 3.17686e-05 1.04892e-05 1.01358e-05 7.00302e-05 3.99491e-05 0.763407 2.95026e-06 2.06321e-05 2.9353e-06 0.000167634 4.59417e-05 4.66795e-05 1.36828e-05 6.5278e-07 1.12439e-05 0.00976468 0.641751 0.0481004 0.694632 0.0537516 0.000329034 1.38399e-05 0.260353 1.9739e-06 0.906207 0.0491134 2.28095e-06 0 4.96378e-07 0 0 0 1.33198e-07 0.95829 2.35418e-06 3.39913e-06 4.99506e-06 6.77356e-07 9.46462e-06 9.05313e-06 0 0 0 1.57301e-06 0 1.51618e-06 2.52904e-06 1.32385e-05 1.28684e-07 0 2.46264e-05 0 0 2.3174e-06 5.54092e-07 0 0 0 0 0 0 2.69285e-06 0 0 2.95673e-07 0 0 3.21669e-07 0 0 0 0 0 0 0 0 0 0 0 0.0185325 0 0.697074 0.575145 0 0 0.704178 0.27693 0 0.446484 
0.380489 0 0 0 0 0 0 0 0 0.417967 0 0 0 0 0 0 0 0 0 0.415155 0.846505 0.898116 0.641544 0 0 0 0 0 0.910589 0 0 0 0 0 0 0 0 0.919701 0 0 0 0 0 0 0 0 0 0 0 0 0 0 0 0 0 0 0 0 0 0 0 0 0 0 0 0 0 0 0 0 0 0 0 0 0 0 0 0 0 0 0 0 0 0 0 0.579807 0.366279 0 0 0 0.778586 0.831117 0.786469 
0.660755 6.33309e-07 8.19082e-06 6.58313e-06 4.5117e-07 0 7.82103e-07 5.17559e-06 0 0.0439417 1.0094e-05 3.55923e-06 0 1.98404e-06 3.86295e-06 2.75255e-06 0 1.02375e-06 1.83247e-05 0.918144 0.0501919 0.229504 0.0371023 1.12949e-05 7.72249e-06 5.38835e-06 3.01167e-06 2.50325e-07 0.212399 7.40847e-06 0 0 0 0 0 0 0 0.0802638 0 0 0 0 0 0 1.0085e-06 0 0 0 0 0 0 0 0 0 0 2.16467e-07 0 0 0 0 0 0 0 0 0 0 0 0 0 0 0 0 0 0 0 0 0 0 0 0 0 0 0 0 0 0.842977 0.0656041 0.465677 0 0 0.194979 0 0.361667 
0.453857 0.00135828 0.00770687 0.00363668 0.00584169 0.004777 0.0161955 0.00166753 4.07814e-05 0.166722 0.0122389 0.000774278 0.0744745 0.000112185 0.00547305 0.000230025 4.53523e-05 0.00364465 0.478237 0.578356 0.147801 0.118656 0.726227 0.39793 0.128128 0.0211253 0.0670891 0.103069 0.300292 0.132944 0 0 0 0 0 0 0 0.859342 0.00139895 0.0311742 7.51433e-05 0 0.0156133 6.67945e-05 0.000129264 0 0 0 0 9.00061e-05 0 0 0 0 0 0 0 0 0 0 0 0 0 0 0 6.04868e-06 8.69358e-05 0 0 0 0 0.00697602 0 0 0.000133205 0.00130842 0.0253704 0 0.000370824 0 0.00121813 0 6.05145e-07 0.00346118 0.372116 0.00173614 0.181548 0.54829 0 0.604582 0.794294 0 0.0662764 
0.877687 0 0 1.35681e-07 0 0 0 1.09634e-07 0 0.202147 2.91154e-06 0 0 3.55037e-07 1.43934e-07 0 0 0 5.6006e-05 0.783069 0.679418 0.053984 0.0255958 0 1.72542e-07 0 0 0 0.713071 2.88565e-06 0 0 0 0 0 0 0 0.232135 0 0 1.51604e-07 0 0 0 4.2808e-07 0 0 0 0 0 0 0 0 0 0 0 0 0 0 0 0 0 0 0 0 0 0 0 0 0 0 0 0 0 0 0 0 0 0 0 0 0 0 1.26979e-05 0 0.341605 0.283467 0 0 0 0.682409 0.0744725 0.988495 
0.983391 0 0 0 0 0 0 0 0 0.465902 0 0 0 0 0 0 0 0 0 0.329015 0.0432594 0.584868 0.107429 0 0 0 0 0 0.448267 0 0 0 0 0 0 0 0 0.957264 0 0 0 0 0 0 0 0 0 0 0 0 0 0 0 0 0 0 0 0 0 0 0 0 0 0 0 0 0 0 0 0 0 0 0 0 0 0 0 0 0 0 0 0 0 0 0 0.808903 0.0839521 0 0.659928 0 0.0884825 0.248288 0.632991 
0.582551 0 0 0 0 0 0 0 0 0.0560759 0 0 0 0 0 0 0 0 0 0.624394 0.184281 0.522549 0.69408 0 0 0 0 0 0.173324 0 0 0 0 0 0 0 0 0.854945 0 0 0 0 0 0 0 0 0 0 0 0 0 0 0 0 0 0 0 0 0 0 0 0 0 0 0 0 0 0 0 0 0 0 0 0 0 0 0 0 0 0 0 0 0 0 0.0963578 0 0.207917 0.381485 0 0 0 0.347127 0.630756 
0.917637 0.00170861 0.119098 0.00116503 0.00298742 0.00122736 0.000956576 0.042132 1.87938e-06 0.0531975 0.410406 0.371529 0.0107852 0.0101079 0.0403317 0.0169137 0 0.000330298 0.0246463 0.784454 0.179708 0.0390242 0.938148 0.593313 0.000986223 0.0575498 0.0297251 0.00806301 0.233932 0.136903 1.15896e-05 3.92981e-06 6.9424e-07 0 0.000383551 0.00196072 0.000277135 0.945357 0 0 9.20229e-07 0 0.0100057 0 6.55987e-06 2.07911e-07 7.43043e-05 0.000200552 0 0 0 0 0 0 0 0 3.83873e-07 0 0 0 0 3.36135e-07 0 0 0 0 0 0 3.77055e-05 0 9.75586e-06 0 1.65026e-07 1.307e-06 0 0 0 0 0 0 0 0 0 1.23433e-05 0 0 0.895357 0 0 0.545588 0 0.961722 0.916913 
0.703274 0 0 0 0 0 0 0 0 0.708523 0 0 0 0 0 0 0 0 0 0.585086 0.0177608 0.559122 0.526993 0 0 0 0 0 0.357085 0 0 0 0 0 0 0 0 0.6472 0 0 0 0 0 0 0 0 0 0 0 0 0 0 0 0 0 0 0 0 0 0 0 0 0 0 0 0 0 0 0 0 0 0 0 0 0 0 0 0 0 0 0 0 0 0 0.641518 0.358096 0.12396 0 0 0 0.577358 0.799988 0.0713168 
0.920942 0 0 0 0 0 0 0 0 0.0317592 0.000567517 0 0 0 0 0 0 0 0 0.646242 0.914126 0.59499 0.0363317 0 0 0 0 0 0.066026 0.000480827 0 0 0 0 0 0 0 0.705763 0 0 0 0 0 0 0 0 0 0 0 0 0 0 0 0 0 0 0 0 0 0 0 0 0 0 0 0 0 0 0 0 0 0 0 0 0 0 0 0 0 0 0 0 0 0 0 0.209016 0.346323 0 0.797046 0 0 0.0322102 0.958947 
0.499481 0 0 0 0 0 0 0 0 0.215551 0 0 0 0 0 0 0 0 0 0.289475 0.974743 0.207519 0.426308 0 0 0 0 0 0.192322 0 0 0 0 0 0 0 0 0.954207 0 0 0 0 0 0 0 0 0 0 0 0 0 0 0 0 0 0 0 0 0 0 0 0 0 0 0 0 0 0 0 0 0 0 0 0 0 0 0 0 0 0 0 0 0 0 0.315333 0.671135 0.0175402 0 0.369428 0 0.454926 0.165546 0.71674 
0.287055 0 0 0 0 0 0 0 0 0.780868 0 0 0 0 0 0 0 0 0 0.511583 0.961459 0.932253 0.917217 0 0 0 0 0 0.571554 0 0 0 0 0 0 0 0 0.325337 0 0 0 0 0 0 0 0 0 0 0 0 0 0 0 0 0 0 0 0 0 0 0 0 0 0 0 0 0 0 0 0 0 0 0 0 0 0 0 0 0 0 0 0 0 0 0.470799 0.101956 0.826288 0.16543 0.122756 0 0 0.297714 0.678606 
0.830462 0 0.256841 0.028476 0.000775416 0.000218416 0.00366213 0.293718 0.00026624 0.0595721 0.0041059 0.0100028 3.42547e-05 0.00813506 0.00506424 0.0197151 0.74984 1.83466e-05 0.00405755 0.675656 0.392001 0.0556377 0.0756858 0.384461 0.000799595 0.253656 0.212513 0 0.243685 0.244296 0.0027647 0.000335259 0.00021377 1.43942e-06 0 0 0.833331 0.714869 0.000458372 0.0271361 0.00115304 2.51091e-07 0.0386378 0.00260149 0.0129208 0.010898 0.0221852 0.00399913 1.1266e-06 0.00663768 0.833331 0.833331 1.02998e-05 1.74888e-05 3.87412e-07 0 0 4.62256e-05 0.833331 0.0196232 1.5189e-05 2.39233e-05 0.000697665 0.000250884 2.26237e-06 0 0 1.63592e-06 0.00174121 1.01139e-05 0.000520689 1.04298e-06 0 0 0.000378564 2.85992e-07 0.000342284 4.21204e-06 0 0.000125594 0.000237912 0.0151919 0.000314258 0.000809963 0 0.794964 0.944572 0.637028 0 0 0 0 0.232633 
0.683366 3.65577e-07 1.00665e-06 2.92152e-06 1.08101e-06 1.53274e-07 5.20604e-07 7.51877e-06 4.34533e-07 0.213795 0 7.18365e-07 1.37963e-07 1.67294e-05 1.21473e-06 1.03818e-06 1.96619e-07 0 2.02402e-06 0.0144482 0.53632 0.190256 0.245858 7.78483e-06 0 1.26052e-07 9.34772e-07 0 0.992662 1.07601e-05 2.32411e-06 0 1.06346e-06 0 0 0 0 0.0199167 1.05348e-06 0 0 0 2.03814e-06 0 0 0 0 0 0 0 0 1.38917e-07 0 0 0 0 0 0 0 0 0 0 0 0 0 0 0 0 0 0 0 0 0 0 0 0 0 0 0 0 0 0 0 9.33463e-07 0 0.564077 0.356315 0.789457 0 0 0 0.52718 0.859757 
0.0481619 0.639751 0.000189615 0.545446 0.000212836 0 5.16458e-05 0.528104 3.32513e-05 0.168433 0.145834 0.000271886 0 0.711683 0.000396586 0.754757 0.841666 0 0.00018644 0.0789731 0.111533 0.125077 0.586264 0.432657 0.00109435 0.558985 0.271562 0.526153 0.101117 0.319537 0 0 0 0 0 0 0 0.893519 6.08643e-06 0 0 0 7.10865e-05 0 0 0 0 0 0 0 0 0 0 0 0 0 0 0 0.0106311 0 0 0 0 0 0 0 0 0 0 0 0 2.08085e-05 0 0 0 0 0 0 0 0 0 0 0 0 0 0 0.96809 0 0 0 0 0 0.198677 
0.486406 0 0 0 0 0 0 0 0 0.75229 0 0 0 0 0 0 0 0 0 0.263452 0.300943 0.669854 0.358201 0.0001457 2.31212e-05 2.96056e-05 0.000770565 5.39962e-06 0.21657 0.000174647 0 0 0 0 0 0 0 0.0498837 0 0 4.87911e-05 0 0 0 0 0 0 0 0 0 0 0 0 0 0 0 0 0 0 0 0 0 0 0 0 0 0 0 0 0 0 0 0 3.04811e-05 0 0 0 0 0 0 0 0 0 1.32456e-05 0 0.20215 0.128417 0.526339 0 0 0 0.479191 0.452752 
0.646643 0.000469508 0.00413797 0.0165074 0.00192698 0.000587147 0.0382182 0.356323 0.000128662 0.21718 0.00438331 0.0381707 0.00988305 0.0574702 0.0209032 0.229058 0.00232708 0.152608 0.00632854 0.266793 0.0504658 0.114454 0.542977 0.349241 0.0328481 0.0357011 0.0575361 0.22296 0.998861 0.0409999 1.14714e-07 0 0 0 0.000182758 1.31831e-06 0 0.890559 0.000225321 0.000559891 6.44194e-07 0 4.95481e-05 0.000147754 1.41009e-06 0 0.000312617 4.00462e-07 0 3.6634e-07 0 0.000140545 0 0 0 0 7.59638e-06 0 0 0 0 1.92712e-07 0 0 0 7.93388e-05 0 0 0 0 0 0 0 0 7.60202e-05 0 0 0 2.16052e-07 0 0 0 0.00074899 2.84471e-07 0.204015 0 0.197863 0 0 0.481137 0 0 0.205656 
0.551433 0 0 0 0 0 0 0 0 0.604341 0 0 0 0 0 0 0 0 0 0.811905 0.43575 0.932139 0.175814 0 0 0 0 0 0.930562 0 0 0 0 0 0 0 0 0.111365 0 0 0 0 0 0 0 0 0 0 0 0 0 0 0 0 0 0 0 0 0 0 0 0 0 0 0 0 0 0 0 0 0 0 0 0 0 0 0 0 0 0 0 0 0 0 0.10671 0.410152 0.19581 0.706929 0 0 0.421325 0.772912 0.251502 
0.296582 0 0 0 0 1.17799e-06 1.27467e-06 0 0 0.447108 0 0 0 0 0 0 0 0 0 0.0348105 0.972218 0.911731 0.829359 8.21426e-07 0 0 0 0 0.939003 0 0 0 0 0 0 0 0 0.479554 0 0 0 0 0 0 0 0 0 0 0 0 0 0 0 0 0 0 0 0 0 0 0 0 0 0 0 0 0 0 0 0 0 0 0 0 0 0 0 0 0 0 0 0 0 0 0.716744 0.970295 0.937765 0 0 0 0.242913 0 0.546764 
0.632653 0.00447823 0.0848409 0.195781 0.0599986 0 0.0100187 0.0963707 0.00547884 0.173326 0.20401 0.0253143 0 0.0191218 0.0137231 0.022966 0 0.0182962 0.138697 0.458053 0.0253826 0.0910604 0.51479 0.449903 0.0879691 0.238299 0.0503401 0.01168 0.196461 0.219025 0 0 0 0 0 0 0 0.900766 0 0 0 0 0 0 0.0374938 0 0 0 0 0 0 0 0 0 0 0.0026062 0 0 0 0 0 0 0 0 0 0 0 0 0 0 0 0 0 0 0 0 0 0 0 0 0 0 0 0 0 0 0.47243 0 0 0 0.0207921 0 0.0853903 
0.215678 0 1.40787e-07 0.000775112 0 0 0 0.000924073 0 0.517987 9.08716e-05 1.88581e-07 0 0.00182024 0 0.00238316 0.000257006 0 0 0.643922 0.807928 0.256764 0.402699 0.000772711 0 0.00132833 0.000806598 0.00179537 0.0770503 0.00163987 0 0 0 0 0 0 0 0.128928 0 0 0 0 0 0 1.07535e-07 0 0 0 0 0 0 0 0 0 0 0 0 0 0 0 0 0 0 0 0 0 0 0 0 0 0 0 0 0 0 0 0 0 0 0 0 0 0 0 0.518634 0 0.29004 0 0 0 0 0 0.161791 
0.548073 0 0 0 0 0 0 0 0 0.150408 0 0 0 0 0 0 0 0 0 0.48806 0.518896 0.817887 0.945257 0 0 0 0 0 0.0734837 0 0 0 0 0 0 0 0 0.664573 0 0 0 0 0 0 0 0 0 0 0 0 0 0 0 0 0 0 0 0 0 0 0 0 0 0 0 0 0 0 0 0 0 0 0 0 0 0 0 0 0 0 0 0 0 0 0.584351 0.587164 0.0271106 0 0 0 0.80531 0.944949 0.197424 
0.908957 0.000151047 0.000147452 0.0226285 0.00236771 0.000588859 0.000535535 0.000573475 0 0.166717 0.0123521 5.00578e-05 0.000847305 0.00782296 0.00481199 0 0 8.42763e-05 0.00173725 0.692137 0.334916 0.975197 0.379108 0.000950517 0.000112041 2.24584e-05 0.00181578 0.000497012 0.403002 0.003972 1.79681e-06 1.35686e-06 0 1.83869e-06 0 0 2.65806e-07 0.952186 0.00196509 0.000731695 0.0048167 0 1.42622e-05 3.74394e-06 0.00836497 0 0 0 0 1.91829e-06 0 0 0 0 0 0 0 0 0 0 0 0 0 0 0 0 2.3209e-05 0 0 0 0 0 0 0 0 0 0 0 9.09894e-06 0 0 0 0 0.000301197 0.414508 0.532007 0.0105982 0 0 0.921595 0.943935 0 0.70188 
0.593975 0 0 0 0 0 0 0 0 0.728274 0.00304128 0 0 0 0 0 0 0 0 0.422233 0.945611 0.119998 0.936314 0 0 0 0 0 0.289716 0.00258249 0 0 0 0 0 0 0 0.118991 0 0 0 0 0 0 0 0 0 0 0 0 0 0 0 0 0 0 0 0 0 0 0 0 0 0 0 0 0 0 0 0 0 0 0 0 0 0 0 0 0 0 0 0 0 0 0 0.200135 0.380675 0 0.175886 0 0 0.489198 0.726296 
0.795894 0 0.841644 0.715342 0.841642 0.841649 3.23009e-05 0.00608328 0.824965 0.00927581 0.00036569 0.755067 0.607969 0.00459882 0.750887 0.000405795 3.82179e-05 7.11907e-06 0.000145938 0.661735 0.252907 0.0140993 0.853309 0.497732 0.751195 0.175776 0.200015 0.741275 0.218652 0.0063409 0.692308 0.833316 0.833316 0.833315 0.833317 0 0.763725 0.809615 0 0.833312 0.646832 0.833315 0.707966 0.841653 0.762168 0.833317 0.833314 0.824969 0.841654 0.74415 0 0.631628 0.833316 0.833316 0.824974 0 0 0.833316 0 0.833317 0.833316 0.833316 0.833317 0.833316 0.833315 0 0 0.833316 3.27863e-05 0.630774 0.833317 0 0.841653 0 0.833314 0 1.25382e-06 0.833316 0 0.833316 0 0.833317 0 0.841648 0.529475 0.384938 0.809365 0.553089 0.409863 0.268773 0 0.150316 0.487823 
0.504378 0 0 0 0 0 0 0 0 0.281058 0 0 0 0 0 0 0 0 0 0.884544 0.347946 0.774527 0.540433 0 0 0 0 0 0.248888 0 0 0 0 0 0 0 0 0.907806 0 0 0 0 0 0 0 0 0 0 0 0 0 0 0 0 0 0 0 0 0 0 0 0 0 0 0 0 0 0 0 0 0 0 0 0 0 0 0 0 0 0 0 0 0 0 0.261259 0.510774 0.564205 0.96403 0.445667 0 0.0644702 0 0.891636 
0.461911 0 0.392964 0.00144047 0.00551759 9.00746e-06 0.00643024 0.00488943 4.22676e-06 0.14679 0.00450531 0.370115 0.000640864 0.00226573 0.00602699 9.7122e-05 4.16285e-06 0.00291261 0.00420266 0.695963 0.865832 0.446811 0.92808 0.474675 0.00641735 0.0284088 0.0934989 0.0170612 0.100148 0.20106 0.00804142 4.91075e-06 1.69913e-05 2.17015e-06 0 1.57403e-05 1.4998e-05 0.789936 0 0.00157072 0.000331234 0 0.000973678 1.92057e-05 0.00986688 0.000415106 0.00180898 0.00157805 6.52562e-05 0.00304189 0 0 0.000332579 0 0 0 0.00989135 0 0 0.00181936 0.000389952 0.00227567 0 0.00115357 0.000338505 3.65673e-07 0 0.000347179 0 0 0.00312306 0 0.000640203 0 0.00157543 0 0 0.000333588 0.00020509 0.00120794 0 0.00199408 2.89299e-06 0.00279979 0.594455 0.451703 0.00680771 0 0 0.872076 0.215462 0.129568 0.22446 
0.961287 0.000244086 0.000175714 1.7355e-05 4.87309e-05 0 2.33003e-06 6.14749e-07 2.75398e-07 0.868628 0 1.00244e-07 0 0 0 0 0 0 1.98672e-05 0.539227 0.196643 0.524899 0.479124 0.0012445 9.20524e-05 0 0.00043895 0 0.892464 0.00309785 0.000337524 8.03802e-05 9.28049e-05 2.93555e-05 0 0 2.78136e-05 0.552237 1.0689e-05 0 0.00370339 5.85473e-07 2.42573e-07 0 0 0 0 0 0 0 0 0 0 0 0 0 0 0 0 0 0 0 0 0 0 0 0 0 0 0 0 0 0 0.000121663 0 0 0 0 0 0 0 0 0 0.000399911 0 0.644378 0.98921 0.279113 0 0 0.434881 0.346986 0.734567 
0.418562 0 0 0 0 0 0 0 0 0.759854 0 0 0 0 0 0 0 0 0 0.372338 0.496859 0.908422 0.325615 0 0 0 0 0 0.0920175 0 0 0 0 0 0 0 0 0.122713 0 0 0 0 0 0 0 0 0 0 0 0 0 0 0 0 0 0 0 0 0 0 0 0 0 0 0 0 0 0 0 0 0 0 0 0 0 0 0 0 0 0 0 0 0 0 0 0.651113 0.724188 0.422022 0 0 0 0.442502 0.643359 
0.153864 1.31565e-07 1.24418e-06 0.00788239 1.09488e-06 0 0 0.00896609 2.03327e-07 0.978685 0.00360833 4.1091e-07 0 0.0108724 2.25057e-07 0.00985771 0.0110675 0 9.97144e-07 0.447837 0.586504 0.774899 0.655458 0.0081149 1.06365e-06 0.0168267 0.00702308 0.00770695 0.863144 0.013337 0 0 0 0 0 0 0 0.295669 0 0 0 0 0 0 0 0 0 0 0 0 0 0 0 0 0 4.20896e-07 0 0 0 0 0 0 0 0 0 0 0 0 0 0 0 0 0 0 0 0 0 0 0 0 0 0 0 0 0 0.701873 0.757942 0.169915 0 0 0.994936 0 0.189398 
0.739358 0.00064256 0.0204965 0.014353 0.00116529 0 0.00186246 0.00811734 0.000951571 0.657596 0.0146559 0.00271483 0 0.00185952 0.00404289 0.00534956 0 0.00238668 0.0266343 0.919851 0.421787 0.351484 0.148543 0.0383105 0.0111503 0.0163149 0.00686504 0.00147258 0.874481 0.0265776 0 0 0 0 0 0 0 0.601325 0 0 0 0 0 0 0.00225754 0 0 0 0 0 0 0 0 0 0 0.000244184 0 0 0 0 0 0 0 0 0 0 0 0 0 0 0 0 0 0 0 0 0 0 0 0 0 0 0 0 0 0.422599 0.121887 0 0 0 0 0.498552 0.624732 
0.642669 0 0 0 0 0 0 0 0 0.745221 0 0 0 0 0 0 0 0 0 0.353749 0.334063 0.423531 0.671435 0 0 0 0 0 0.7257 0 0 0 0 0 0 0 0 0.693394 0 0 0 0 0 0 0 0 0 0 0 0 0 0 0 0 0 0 0 0 0 0 0 0 0 0 0 0 0 0 0 0 0 0 0 0 0 0 0 0 0 0 0 0 0 0 0 0.460533 0.725099 0.554851 0 0 0.810617 0.603162 0.0404421 
0.982231 1.24918e-05 8.68474e-05 2.02612e-07 3.48331e-07 6.68032e-06 0.00664326 0.000963007 0 0.954317 2.06813e-05 2.4158e-05 0.000375024 4.53706e-06 3.04676e-05 0 0 1.24703e-07 0 0.93476 0.88338 0.0699624 0.619291 0.281406 0.118444 4.2437e-07 0.202385 1.57566e-07 0.425255 0.22734 0 0 0 0 5.17149e-06 0.00100634 0 0.992145 0 0 0.0846625 0 0 0 0 0 2.23488e-07 0 0 0 0 0 0 0 0 0 0 0 0 0 0 0 0 0 0 0 0 0 0 0 0 0 0 0.0918424 0 0 0 0 0 0 0 0 0 4.66148e-05 0.483503 0.214172 0.41931 0 0 0 0 0.685378 0.61672 
0.77199 0.000558301 0.000464224 0.0013884 2.35736e-07 0 0.105952 0.00872803 0 0.977876 0.000716675 0.00403699 0.00161682 0.00010174 1.78467e-07 0 0 0.000439367 0.000216388 0.889844 0.126238 0.0938657 0.203054 0.321417 0.00059812 0.0644835 0.3334 0.000356619 0.327712 0.00248964 0 0 0 0 0 0.00751793 0 0.789961 0 0 9.38769e-05 0 0 0 0 0 0 0 0 0 0 0 0 0 0 0 0.000227721 0 0 0 0 0 0 0 0 0 0 0 0 0 0 0 0 0.000227724 0 0 0 0 0 0 0 0 0 0 0.528086 0.883143 0.30557 0 0 0 0 0.454016 0.870146 
0.426025 0 0 0 0 0 0 0 0 0.5355 0 0 0 0 0 0 0 0 0 0.154104 0.315688 0.745693 0.344335 0 0 0 0 0 0.024262 0 0 0 0 0 0 0 0 0.24797 0 0 0 0 0 0 0 0 0 0 0 0 0 0 0 0 0 0 0 0 0 0 0 0 0 0 0 0 0 0 0 0 0 0 0 0 0 0 0 0 0 0 0 0 0 0 0.357647 0.670486 0.191054 0.517348 0.0750386 0 0.433931 0.223233 0.762438 
0.133387 0.0017123 0.173676 0.0766701 0.0424216 3.63916e-05 0.00834888 0.00645192 0.0179505 0.277662 0.0501269 0.0880068 0 1.39199e-07 0.0275094 0.0310275 0.0061329 1.6501e-06 0.130235 0.216307 0.209778 0.373676 0.739886 0.201728 0.000611403 0.151327 0.13652 0.0578888 0.345581 0.0581706 0 0 0 0 0 0 0 0.0279551 0.0143454 0 0 0 0.0118097 0 0 0 0 0 0 0 0 0 0 0 0 0 0 0 0.00318193 0 0 0 0 0 0 0 0 0 0 0 0 0.00714345 0 0 0 0 0 0 0 0 0 0 0 0 0 0.270959 0.550061 0 0 0.565481 0.326473 0 0.737726 
0.38385 0 0 0 0 0 1.05673e-05 0 0 0.221296 0 0 1.37668e-07 0 0 0 0 0 0 0.470313 0.0511257 0.243634 0.636233 3.97578e-06 0 0 1.4065e-07 0 0.620524 0 0 0 0 0 0 0 0 0.225131 0 0 0 0 0 0 0 0 0 0 0 0 0 0 0 0 0 0 0 0 0 0 0 0 0 0 0 0 0 0 0 0 0 0 0 0 0 0 0 0 0 0 0 0 0 0 0.986174 0.0793344 0.62862 0.307633 0 0 0 0.305872 0.268593 
0.425014 2.67023e-07 1.56921e-05 0.000186332 8.10216e-06 8.12075e-05 0.15642 0.000703357 6.7496e-07 0.922814 0.000113676 0.00014676 0.428752 4.62522e-07 0.00326176 9.59663e-06 3.77354e-05 0.000112603 5.32022e-05 0.732702 0.135749 0.116564 0.869355 0.14017 1.00402e-05 0.0763129 0.239517 0.426989 0.93118 0.0206807 5.21952e-07 0 0 0 0 0 2.00062e-06 0.154214 0 4.81003e-07 0 0 4.10498e-07 1.25279e-07 1.78528e-06 0 1.71432e-07 0 0 1.15532e-07 2.30537e-07 4.92759e-07 0 0 0 0 0 4.6099e-07 1.66383e-06 3.7786e-07 0 1.0441e-07 0 0 0 0 0 0 0 0 1.41231e-06 0 0 1.97925e-07 1.22752e-07 0 0 0 0 1.10156e-07 0 0 0 3.76379e-05 0.82743 0.94389 0.180629 0.99638 0 0 0.398978 0.452583 0.1636 
0.984933 0.0139324 0.0253335 0.00191941 0.0187251 0.000337773 0.00403981 0.000260612 6.15629e-05 0.757445 0.000246278 0.000141845 0.0298771 7.73043e-07 0.00313536 8.85027e-05 0.000119312 4.79195e-06 0.00407749 0.856571 0.565323 0.265142 0.676132 0.0316169 1.68494e-05 0.0180247 0.0240859 0.0909703 0.0296962 0.0136238 0.0355674 0.0112053 0.00574247 0.00445773 0 0 0.0062328 0.0327202 0.00109916 1.4688e-06 0.000469989 8.75961e-05 0.000222371 0.000428628 1.51392e-06 0.000103873 0 8.51278e-05 0 0 0.000130067 1.00513e-06 1.16385e-07 0 0 0 0 0 0 0 0 0 0 0 0 0 0 0 0 0 0 0 0 0 0 0 0 0 0 0 0 0 0 0.0103018 0.415091 0.378846 0.0777467 0.99248 0 0 0.516883 0.0296342 0.44344 
0.397682 0 0 0 0 0 0 0 0 0.015934 0 0 0 0 0 0 0 0 0 0.172328 0.249157 0.521963 0.280738 0 0 0 0 0 0.179678 0 0 0 0 0 0 0 0 0.131079 0 0 0 0 0 0 0 0 0 0 0 0 0 0 0 0 0 0 0 0 0 0 0 0 0 0 0 0 0 0 0 0 0 0 0 0 0 0 0 0 0 0 0 0 0 0 0.796187 0.782159 0.734883 0 0 0 0.275839 0.760259 0.520592 
0.796315 0.00011084 0.00109865 0.00228334 0.00194607 0.000232242 0.000808631 0.000503418 0.00042651 0.997671 3.38003e-05 0.00024071 3.75824e-06 0.00067505 0.000336597 0.0016848 0.000538487 9.77493e-05 0.0007126 0.518799 0.103267 0.151566 0.764467 0.322372 0.0264799 0.000424178 0.374834 0.0255551 0.307372 0.138356 0.00239711 6.92027e-05 0.000248601 1.24299e-05 0 0 0.000231705 0.163501 0.000294769 3.15917e-05 0.00994139 5.14184e-05 0.00033707 0.000144464 2.08277e-05 8.55252e-05 2.05538e-05 8.55016e-05 1.2651e-05 0.000106472 6.91826e-05 0.000138126 8.96847e-06 1.26092e-05 4.88381e-05 0 0 6.21718e-05 4.25485e-05 3.45583e-06 1.1069e-06 3.48341e-06 2.60019e-06 8.7213e-07 4.11576e-07 0 0 3.1286e-07 7.99222e-07 4.53107e-07 5.11439e-06 1.42308e-07 2.03259e-07 0.0160417 5.13747e-07 0 0 2.61273e-07 0 0 2.84039e-07 1.22357e-07 0 0.0528059 0 0.882554 0.776587 0 0 0 0 0 0.138521 
0.113938 0.000345821 0.020642 0.389653 0.0253244 0.0200941 0.19141 0.00631035 0.00393859 0.11249 0.0348073 0.12068 2.3698e-05 2.20101e-07 0.0292315 0.00906597 0.00791983 0.0979007 0.0681398 0.670427 0.130448 0.105966 0.79589 0.467109 0.00178862 0.159051 0.128436 0.299362 0.129086 0.207316 0.000542305 0 0 0 0 0 0 0.893909 0.00794 0.000425284 0 0 0.00555262 8.33914e-06 0.0011104 0 0 0 0 5.89244e-06 0 0 0 0 0 0 0 0 0.00459915 0 0 0 0.00085127 0 0 1.75741e-06 5.06929e-06 0 0 8.40963e-05 0 0.00954434 0 0 0 0 0 0 0 0 0 0 0 5.81352e-05 0.538705 0.03352 0.209612 0.548425 0 0.625962 0.440619 0.395176 0.179586 
0.473218 0.00152774 0.00176611 0.00188511 0.105495 1.03947e-05 0.445665 0.00939066 0 0.173679 0.00415415 0.0157428 0.000115239 0.000794736 0.0704975 0 0 0.0114322 0.104348 0.0684356 0.190488 0.493296 0.895154 0.140914 0.00397937 0.010371 0.354789 0.103343 0.0100711 0.100032 0 0 0 0 0 0.000842905 0 0.195548 0 0 0.00344423 0 1.03108e-05 0 0 0 0 3.68379e-07 0 1.45035e-07 0 0 0 0 0 0 0.00060053 0 0 0 0 0 0 0 0 0 0 0 0 0 0 0 0 0 0 0 0 0 1.08353e-07 0 0 0 0 0 0.816429 0.719132 0.0287191 0 0 0.859256 0.675155 0 0.858297 
0.140716 0 0 0 0 0 1.13313e-06 0 0 0.156349 0 0 0 0 0 0 0 0 0 0.425727 0.143792 0.867753 0.934451 0 0 0 1.03465e-06 0 0.146455 0 0 0 0 0 0 0 0 0.662653 0 0 0 0 0 0 0 0 0 0 0 0 0 0 0 0 0 0 0 0 0 0 0 0 0 0 0 0 0 0 0 0 0 0 0 0 0 0 0 0 0 0 0 0 0 0 0.893144 0.593905 0.458001 0.215117 0 0 0.499469 0.392079 0.597639 
0.148678 0.000452831 0.01444 0.284279 0.00375264 0.0817111 0.190347 0.0336246 5.55881e-05 0.141038 0.438048 0.0258882 8.56815e-07 1.59963e-05 0.00884098 0.000709408 1.40901e-05 0.00481465 0.00231231 0.711348 0.103469 0.949488 0.814368 0.48817 0.0524675 0.22287 0.117843 0.234047 0.109006 0.127762 0 0 0 0 0 0 0 0.0508272 2.79583e-05 0 5.70636e-05 0 0.00141239 1.67515e-06 0 0 0 6.87068e-05 0 1.17441e-06 0 0 0 0 0 0 2.96421e-05 0 8.74931e-06 0 0 0 0 0 0 0 5.26203e-07 0 0 0 0 8.84402e-06 0 0 0 0 0 0 0 0 0 0 0 0 0.627343 0 0.309129 0 0 0 0.80574 0.818095 0.430679 
0.890081 3.56098e-06 6.81793e-06 5.73744e-06 9.2093e-06 0 1.8966e-07 0 0 0.0245031 0 0 0 0 1.28229e-07 0 0 0 9.04886e-07 0.0137475 0.75519 0.454269 0.635601 4.09407e-06 0 0 0 0 0.970133 0 2.10785e-05 4.78002e-07 7.35167e-06 6.36184e-07 0 0 5.70398e-07 0.400522 5.02009e-07 0 0 0 0 0 0 0 0 0 0 0 0 0 0 0 0 0 0 0 0 0 0 0 0 0 0 0 0 0 0 0 0 0 0 0 0 0 0 0 0 0 0 0 0 6.63826e-07 0.938828 0.0401818 0.0965084 0.468532 0 0.0310691 0 0 0.307022 
