0.883866 0 0 0 0 0 0 0 0 0 0 0 0 0 0 0 0 0 0 0.813345 0.643486 0.0810856 0 0 0 0 0 0 0 0 0 0 0 0 0 0 0 0 0 0 0 0 0 0 0 0 0 0 0 0 0 0 0 0 0 0 0 0 0 0 0 0 0 0 0 0 0 0 0 0 0 0 0 0 0 0 0 0 0 0 0 0 0 0 0 0.708512 0.667156 0 0 0 0 0.552647 1 
0.0112318 0 0 7.96348e-05 0 0 0 1 0 0.000283232 3.28395e-05 0 0 8.09174e-05 0 0.00021961 7.11901e-05 0 0 0.401212 0.383104 0.900977 0 0.00517971 0 0.000245229 0.00206474 9.94013e-05 1 0.0020948 0 0 0 0 0 0 0 1 0 0 0 0 0 0 0 0 0 0 0 0 0 0 0 0 0 0 0 0 0 0 0 0 0 0 0 0 0 0 0 0 0 0 0 0 0 0 0 0 0 0 0 0 0 0 0.711979 0.567329 0.019841 0 0 0 0.320849 0.548043 1 
0.456805 2.81541e-05 0.000232229 0.000145918 3.97025e-06 0.000138589 0.14241 1 4.91121e-06 0.00068641 0.000279437 1.65681e-06 0.00175997 2.78188e-06 0.0805913 6.32205e-06 0 7.79545e-05 0.00382441 0.215558 0.161582 0.34094 2.28323e-07 0.00411273 0.00701803 0.167383 0.00129257 0.0154132 1 0.163834 0 0 0 0 0 0 0 1 0.000700399 0.000990349 0 0 0 0.000285249 0 0 0.000305227 0 0 0 0 0 0 0 1.17299e-07 0 0 0 0 0 0 0 0 0 0 0 0 0 0 0 0 0 0 0 0 0 0 0 0 0 0 0 0 0 0 0.36847 0.529255 0.724328 0 0 0.651466 0.507394 0.999998 
0.830398 3.27561e-06 0.224947 0.0741047 0.00349744 0 0.0125702 1.88049e-07 0.00469202 0.0559574 0.311649 0.0195899 0 0.0202145 0.0277119 0.0206653 0 0.0186952 0.215433 0.866652 0.126629 0.184721 1.31989e-05 0.447711 0.0473604 0.128921 0.0714154 0.00992853 4.03454e-06 0.114529 0 0 0 0 0 0 0 1.55278e-05 0 0 0 0 0 0 0.00976231 0 0 0 0 0 0 0 0 0 0 0.0221021 0 0 0 0 0 0 0 0 0 0 0 0 0 0 0 0 0 0 0 0 0 0 0 0 0 0 0 0 0 0.876449 0.475908 0.546065 0 0 0 0 3.15394e-06 
0.0682213 0 0 3.442e-05 0 0 0 1 0 8.13937e-06 6.59739e-05 0 0 0.000101839 0 1.27097e-05 4.2568e-06 0 0 0.351721 0.325739 0.497262 0 0.000472436 0 3.72118e-05 0.0010307 2.02211e-05 0 0.00106288 0 0 0 0 0 0 0 1 0 0 0 0 0 0 0 0 0 0 0 0 0 0 0 0 0 0 0 0 0 0 0 0 0 0 0 0 0 0 0 0 0 0 0 0 0 0 0 0 0 0 0 0 0 0 0.903652 0.26541 0.79382 0 0 0 0 0.247778 0 
0.654362 0 0 3.20249e-07 0 0 3.27948e-06 0 0 0 0.000288772 0 0 0 0 0 0 0 0.000387231 0.0295727 0.709539 0.804935 1 8.54374e-07 0 0 3.21074e-07 0 0 0.000246188 0 0 0 0 0 0 0 0 0 0 0 0 0 0 0 0 0 0 0 0 0 0 0 0 0 0 0 0 0 0 0 0 0 0 0 0 0 0 0 0 0 0 0 0 0 0 0 0 0 0 0 0 0 0 0 0.532859 0.692875 0 0 0 0.514367 0 0 
0.751821 0 0 0 0 0 0 1 0 0 0 0 0 0 0 0 0 0 0 0.018794 0.517402 0.502103 1 0 0 0 0 0 1 0 0 0 0 0 0 0 0 0 0 0 0 0 0 0 0 0 0 0 0 0 0 0 0 0 0 0 0 0 0 0 0 0 0 0 0 0 0 0 0 0 0 0 0 0 0 0 0 0 0 0 0 0 0 0 0.239701 0.108096 0.364613 0 0 0 0.402936 0.344951 0 
0.199433 0 0.0001134 4.69133e-05 2.14957e-05 0 1.16865e-07 1 0 2.15968e-05 7.8644e-06 3.9533e-06 0 1.46291e-05 1.61775e-05 2.0486e-06 6.69704e-05 0 1.88999e-05 0.316622 0.920557 0.934211 1 0.000242304 2.10004e-06 0.00111599 0.000865465 9.15027e-06 1 0.000513081 0 0 0 0 0 0 0 1 2.85215e-05 0 0 0 3.99659e-05 0 0 0 0 0 0 0 0 0 0 0 0 0 0 0 3.62358e-05 0 0 0 0 0 0 0 0 0 0 0 0 1.26876e-05 0 0 0 0 0 0 0 0 0 0 0 0 0.0544619 0.700203 0.779651 0.363956 0 0 0 0 1 
0.661728 1.24888e-06 4.71618e-06 0.00512298 0.0261784 7.82198e-06 0.0116316 0.999991 0 7.77998e-07 4.85538e-05 0.00494225 0.000138675 0.000824313 0.0283364 0 0 0.0067099 0.421297 0.0986055 0.134574 0.715048 7.54385e-06 0.0731394 0.0889805 0.0269135 0.00716188 0.0398454 0.999997 0.0505392 0 0 0 0 0 0 0 7.63869e-06 0.000173042 0 0.00170046 0 2.2363e-06 6.96867e-07 0.00084151 0 0 1.32066e-06 0 7.24525e-05 0 0 0 0 0 0 0 0 0 0 0 0 0 0 0 0 2.87358e-06 0 0 0 0 0.000167698 0 0 0 0 0.000107205 0 7.50734e-07 0 0 0 0 0.000172636 0.458716 0.634176 0.431599 0 0 0 0.986014 0 1.95411e-07 
0.172146 0 0 0 0 0 0 0 0 0 0 0 0 0 0 0 0 0 0 0.0359165 0.64292 0.286017 1 0 0 0 0 0 1 0 0 0 0 0 0 0 0 0 0 0 0 0 0 0 0 0 0 0 0 0 0 0 0 0 0 0 0 0 0 0 0 0 0 0 0 0 0 0 0 0 0 0 0 0 0 0 0 0 0 0 0 0 0 0 0.370817 0 0.0264732 0.987339 0.422572 0 0 0.394971 0 
0.486244 0.00132156 0.0372702 0.267711 0.0238329 0.000169846 0.0217635 0.999601 0.00328694 0.0258243 0.259081 0.00613745 0.00898509 0.00102004 0.0151963 0.0164797 0.000145024 0.00303049 0.223375 0.633334 0.0867694 0.0569758 0.999614 0.446317 0.071077 0.0396849 0.117107 0.0811691 0.999485 0.208404 0.000864839 0 0 0 0 0 2.48367e-05 0.000457856 3.43943e-05 0.000718841 0.000118018 0 0.00158554 1.74157e-06 0.00356549 1.05043e-06 4.09947e-06 3.13366e-05 0 2.50517e-05 0 0 1.90582e-06 0 0.000144293 0 0 0 6.82909e-05 3.59151e-07 0 1.12342e-05 1.33101e-05 0 0 0.00114189 2.92973e-06 6.23068e-06 0 7.63652e-06 9.09497e-06 0 2.86915e-06 0 4.66054e-07 0 3.7923e-05 0 1.01518e-06 0 7.10248e-05 0 4.78147e-07 6.6522e-05 0 0 0.201871 0.772455 0 0.557404 0.523411 0.710068 3.8284e-05 
0.519658 0 0 0 0 0 0 0 0 0 0 0 0 0 0 0 0 0 0 0.780951 0.927821 0.69153 0 0 0 0 0 0 0 0 0 0 0 0 0 0 0 0 0 0 0 0 0 0 0 0 0 0 0 0 0 0 0 0 0 0 0 0 0 0 0 0 0 0 0 0 0 0 0 0 0 0 0 0 0 0 0 0 0 0 0 0 0 0 0.655398 0.76608 0.275691 0.837419 0.186168 0 0 0.851196 1 
0.596909 4.34768e-05 0.000382402 0.000418696 0.0001189 0 3.69004e-05 0 4.43169e-05 0.000317699 0.000547356 7.06697e-05 0 6.92143e-05 9.54128e-05 6.60418e-05 0 4.29556e-05 0.000240961 0.183542 0.436024 0.234913 1 0.000416095 0.000128903 0.00041479 0.000170706 5.06007e-05 0 0.000364865 0 0 0 0 0 0 0 0 0 0 0 0 0 0 8.7302e-05 0 0 0 0 0 0 0 0 0 0 4.19625e-05 0 0 0 0 0 0 0 0 0 0 0 0 0 0 0 0 0 0 0 0 0 0 0 0 0 0 0 0 0 0.114643 0.308398 0 0 0 0 0.680956 1 
0.397029 0 0 0 0 0 0 1 0 0 0 0 0 0 0 0 0 0 0 0.837163 0.734084 0.630918 0 0 0 0 0 0 0 0 0 0 0 0 0 0 0 0 0 0 0 0 0 0 0 0 0 0 0 0 0 0 0 0 0 0 0 0 0 0 0 0 0 0 0 0 0 0 0 0 0 0 0 0 0 0 0 0 0 0 0 0 0 0 0.117539 0.998105 0.940989 0.561897 0 0 0 0 0 
0.128292 0 0 0 0 0 0 0 0 0 0 0 0 0 0 0 0 0 0 0.510894 0.686712 0.988767 0 0 0 0 0 0 0 0 0 0 0 0 0 0 0 1 0 0 0 0 0 0 0 0 0 0 0 0 0 0 0 0 0 0 0 0 0 0 0 0 0 0 0 0 0 0 0 0 0 0 0 0 0 0 0 0 0 0 0 0 0 0 0.696132 0.398689 0.86456 0 0.209621 0 0 0 1 
0.104764 0 0 0 0 0 0 1 0 0 0 0 0 0 0 0 0 0 0 0.0222871 0.487825 0.771502 1 0 0 0 0 0 1 0 0 0 0 0 0 0 0 0 0 0 0 0 0 0 0 0 0 0 0 0 0 0 0 0 0 0 0 0 0 0 0 0 0 0 0 0 0 0 0 0 0 0 0 0 0 0 0 0 0 0 0 0 0 0 0 0.0411333 0.610491 0.925575 0 0 0 0.775899 1 
0.925501 0 0 0 0 0 0.000434172 0 0 0.000514418 0 0 0 0 0 0 0 0 0 0.615562 0.140676 0.0287077 0 0.000187935 0 0 0 0 0 0 0 0 0 0 0 0 0 1 0 0 0 0 0 0 0 0 0 0 0 0 0 0 0 0 0 0 0 0 0 0 0 0 0 0 0 0 0 0 0 0 0 0 0 0 0 0 0 0 0 0 0 0 0 0 0 0.993435 0.466289 0 0.755041 0 0.164919 0.27984 0 
0.202698 0 0 0 0 0 0 1 0 0 0 0 0 0 0 0 0 0 0 0.00259016 0.00779038 0.213598 0 0 0 0 0 0 0 0 0 0 0 0 0 0 0 1 0 0 0 0 0 0 0 0 0 0 0 0 0 0 0 0 0 0 0 0 0 0 0 0 0 0 0 0 0 0 0 0 0 0 0 0 0 0 0 0 0 0 0 0 0 0 0 0 0.729059 0.07294 0.661677 0 0 0.624505 0 
0.117575 0 6.66949e-07 1.4811e-06 1.58879e-07 0 0 1 0 3.41886e-05 1.89177e-06 3.6859e-07 0 2.36799e-06 1.74047e-07 5.63584e-05 3.47128e-05 0 3.39491e-07 0.721182 0.4403 0.1249 0 0.000114307 0 4.6032e-05 0.00024217 3.34223e-05 1 0.000264139 0 0 0 0 0 0 0 0 1.43629e-07 0 0 0 0 0 0 0 0 0 0 0 0 0 0 0 0 0 0 0 0 0 0 0 0 0 0 0 0 0 0 0 0 0 0 0 0 0 0 0 0 0 0 0 0 0 0 0.201736 0.0147691 0.726711 0 0 0 0.811051 1 
0.615573 0 0 0 0 0 4.25639e-06 0 0 6.90973e-06 7.22022e-05 0 0 0 0 0 0 0 0 0.630172 0.235007 0.421054 1 2.31917e-06 0 0 0 0 1 6.15487e-05 0 0 0 0 0 0 0 1 0 0 0 0 0 0 0 0 0 0 0 0 0 0 0 0 0 0 0 0 0 0 0 0 0 0 0 0 0 0 0 0 0 0 0 0 0 0 0 0 0 0 0 0 0 0 0.059095 0.936284 0.383925 0 0.974618 0 0 0 0 
0.567909 0.00444802 0.0040079 0.00868121 2.78547e-06 0 0.0195108 1 0 0.0185169 0.0193849 0.0165814 0.000181972 0.00236019 1.50963e-06 0 0 0.0117933 0.0149926 0.930181 0.372384 0.750305 0.999997 0.329981 0.00235989 0.14906 0.0108632 8.06418e-05 3.94703e-07 0.00509147 0 0 0 0 0 3.60915e-05 0 2.13215e-06 0 0 0 0 0 0 0 0 0 1.93337e-05 0 0 0 0 0 0 0 0 0.000832358 0 0 0 0 0 0 0 0 0 0 0 0 0 0 0 0 0 0 0 0 0 0 0 0 0 0 0 0.711647 0.208911 0.401674 0 0.430491 0 0 0.898338 1 
0.893894 0.00464412 0.0155557 0.0207256 0.00585263 0.00136327 0.0288839 0.999763 0.000986145 0.00854528 0.0198129 0.468556 0.00969774 0.00791505 0.00418989 0.000806436 0 0.0115439 0.0236474 0.741703 0.135066 0.0756588 0.99988 0.566874 0.0535344 0.0199376 0.0524288 0.596691 0.000126491 0.160904 4.87232e-07 0 0 0 0.000804264 0.00457698 0 0.000291192 3.95162e-07 0 0.00159193 0 7.12063e-05 0 0.000563547 0 2.77943e-05 0.00725814 0 2.61929e-07 0 0 0 0 0 0 0.0380647 0 0 0 0 1.89314e-05 0 0 0 0 1.14819e-05 0 0 0 1.72973e-05 0 0.000318159 8.65889e-05 0 0 0 0 7.51149e-07 0 0 0 0 0.00733082 0 0.025362 0.575738 0 0.213812 0 0.753471 0.88591 0.999676 
0.813298 0.447643 0 0 0 0 3.23171e-07 0 0 0 1.41425e-07 0 0 0 0 2.41319e-07 0 0 5.54225e-07 0.0831329 0.988199 0.944876 7.58813e-06 0.37341 0 0.0199214 8.14053e-05 0.0193007 9.4414e-06 0.128054 0.0155192 0 0 0 0 0 0 1 0 0 0 0 0 0 0 0 0 0 0 0 0 0 0 0 0 0 0 0 0 0 0 0 0 0 0 0 0 0 0 0 0 0 0 0 0 0 0 0 0 0 0 0 0 0 0 0.0327528 0.146042 0.244425 0.608581 0.763267 0.14242 0.995057 2.47152e-06 
0.481953 9.92342e-06 5.8233e-05 3.29755e-05 2.92995e-05 0 4.54905e-06 1 2.17965e-05 3.39567e-05 6.96754e-05 8.77237e-06 0 5.57376e-06 2.16446e-05 4.84007e-06 0 2.64185e-06 2.83295e-05 0.507141 0.89797 0.871037 1 5.0858e-05 0.00829159 0.00573997 0.00329164 2.14682e-05 0 0.0103374 0 0 0 0 0 0 0 0 0 0 0 0 0 0 0 0 0 0 0 0 0 0 0 0 0 2.0657e-07 0 0 0 0 0 0 0 0 0 0 0 0 0 0 0 0 0 0 0 0 0 0 0 0 0 0 0 0 0 0.0457794 0.963952 0.756225 0 0 0 0 0 
0.319808 0 0 0 0 0 0 0 0 0 0 0 0 0 0 0 0 0 0 0.270127 0.900518 0.222298 0 0 0 0 0 0 1 0 0 0 0 0 0 0 0 0 0 0 0 0 0 0 0 0 0 0 0 0 0 0 0 0 0 0 0 0 0 0 0 0 0 0 0 0 0 0 0 0 0 0 0 0 0 0 0 0 0 0 0 0 0 0 0.27293 0.908265 0.850876 0 0 0 0 0.0419582 0 
0.974311 3.14078e-07 2.05397e-05 8.48518e-05 0 0 5.75599e-07 1 0 0.000478398 5.71533e-06 2.2239e-06 0 3.22449e-07 4.85958e-06 8.78809e-07 0 1.33977e-06 0.000185637 0.680082 0.401483 0.30575 1 0.000114045 0.000151185 0.000144031 0.00131959 0 1 0.00156853 0 0 0 0 0 0 0 0 0 0 0 0 0 0 6.55724e-07 0 0 0 0 0 0 0 0 0 0 0 0 0 0 0 0 0 0 0 0 0 0 0 0 0 0 0 0 0 0 0 0 0 0 0 0 0 0 0 0.00418795 0.686898 0.615243 0 0 0 0.254894 0 1 
0.706959 0 2.93169e-06 1.16911e-06 1.85985e-06 0 1.70465e-07 0 0 2.17594e-06 4.10078e-06 0 0 0 0 0 0 0 0.000160275 0.0635121 0.564358 0.545377 1 1.46084e-06 1.70375e-06 2.77984e-06 2.80013e-06 0 1 5.19453e-06 0 0 0 0 0 0 0 0 0 0 0 0 0 0 0 0 0 0 0 0 0 0 0 0 0 0 0 0 0 0 0 0 0 0 0 0 0 0 0 0 0 0 0 0 0 0 0 0 0 0 0 0 0 0 0 0.184173 0.804579 0 0 0 0.868925 0 1 
0.528672 0.000381642 0.0426877 0.000328719 0.00839543 0.000112924 0.000572019 1.21389e-06 0.000271289 0.0127287 0.566362 0.00343576 0.00261864 0.00765855 0.00215875 0.00203255 1.62269e-05 0.00055438 0.00101684 0.738057 0.208322 0.0860895 0.999961 0.554877 0.0148631 0.0790436 0.10386 0.0024181 0.999766 0.15183 4.78618e-06 0 0 0 0 8.3345e-06 8.03269e-07 0.999984 0 1.63612e-07 1.24096e-05 0 0.00340206 3.15455e-07 0.000732075 0 3.06488e-06 0.0172832 0 2.29901e-06 0 0 3.16884e-07 0 2.73423e-07 0 1.5426e-07 1.89431e-07 2.04291e-06 0 0 1.7127e-07 1.23123e-07 0 0 0 0 1.29555e-06 0.000573171 0 1.68268e-07 0 0.00141948 9.21589e-05 2.34298e-07 0 0 6.96603e-07 0 1.82633e-06 0 4.33261e-06 6.03184e-06 4.18128e-06 0 0.027056 0.864216 0.0712507 0.11033 0 0.0196107 0.520045 0.999829 
0.98167 2.35371e-07 2.47186e-05 1.36009e-05 1.48664e-05 0 1.15348e-06 0 0 0.00071355 0.000153944 8.04709e-07 0 1.12663e-07 0 0 0 3.35716e-07 0.000992601 0.0123588 0.941431 0.793627 0 0.000227769 0.000969559 2.5231e-05 9.42291e-06 0 0 0.000959806 0 0 0 0 0 0 0 0 0 0 0 0 0 0 3.21714e-07 0 0 0 0 0 0 0 0 0 0 4.22334e-07 0 0 0 0 0 0 0 0 0 0 0 0 0 0 0 0 0 0 0 0 0 0 0 0 0 0 0 0 0 0.991437 0.379555 0.800139 0 0 0.267989 0 0 
0.190804 0 0 0.00160396 0 0 0 0 0 0.00227695 0.000131719 0 0 0.000327044 0 0.00176388 0.000571573 0 0 0.887436 0.62389 0.0503338 1 0.000895635 0 0.00149896 0.00130538 0.000669777 1 0.00192181 0 0 0 0 0 0 0 0 0 0 0 0 0 0 0 0 0 0 0 0 0 0 0 0 0 0 0 0 0 0 0 0 0 0 0 0 0 0 0 0 0 0 0 0 0 0 0 0 0 0 0 0 0 0 0 0.697843 0.420534 0.467527 0 0 0.388271 0.922422 1 
0.670164 0.00381678 0.143432 0.0990506 0.0385899 0 0.00989814 4.21933e-06 0.0105783 0.117804 0.29154 0.0301969 0 0.0255444 0.0309298 0.0405004 0 0.0101176 0.149377 0.474092 0.120231 0.121361 6.80047e-05 0.479055 0.031024 0.186722 0.0676489 0.0224212 2.67978e-05 0.184213 0 0 0 0 0 0 0 9.15735e-05 0 0 0 0 0 0 0.00781992 0 0 0 0 0 0 0 0 0 0 0.0394944 0 0 0 0 0 0 0 0 0 0 0 0 0 0 0 0 0 0 0 0 0 0 0 0 0 0 0 0 0 0.0207425 0.479655 0 0 0 0 0 0.999734 
0.303514 4.22671e-05 7.36597e-05 5.18256e-05 4.88599e-06 0 2.30762e-06 0 2.19705e-06 0.000612109 0.000177344 3.53539e-05 0 2.65384e-05 1.04711e-05 7.41731e-05 2.12982e-06 1.07464e-05 3.21721e-05 0.739352 0.667371 0.265465 0 9.53093e-05 1.1627e-05 0.000119613 5.57337e-05 7.41656e-06 1 2.95742e-05 0 0 0 0 0 0 0 1 0 0 0 0 0 0 1.09199e-05 0 0 0 0 0 0 0 0 0 0 0 0 0 0 0 0 0 0 0 0 0 0 0 0 0 0 0 0 0 0 0 0 0 0 0 0 0 0 0 0 0.817772 0.371854 0 0 0 0 0.530257 1 
0.635877 0 0 0 1.37406e-07 0 0.000187119 1 0 0 0 1.14384e-06 0 0 0 0 0 1.39216e-06 7.22947e-07 0.720641 0.941714 0.643345 1 4.68417e-07 0 0 0.000154442 0 0 1.10326e-07 0 0 0 0 0 0 0 1 0 0 0 0 0 0 0 0 0 0 0 0 0 0 0 0 0 0 0 0 0 0 0 0 0 0 0 0 0 0 0 0 0 0 0 0 0 0 0 0 0 0 0 0 0 0 0.22761 0.686956 0.285009 0 0 0.225983 0.174848 0 0 
0.413586 0 0 0 0 0 3.83365e-07 1 0 1.97218e-06 0 0 0 0 0 0 0 0 0 0.777583 0.20029 0.859843 1 6.84974e-07 0 0 0 0 1 0 0 0 0 0 0 0 0 0 0 0 0 0 0 0 0 0 0 0 0 0 0 0 0 0 0 0 0 0 0 0 0 0 0 0 0 0 0 0 0 0 0 0 0 0 0 0 0 0 0 0 0 0 0 0 0.226893 0.951942 0.790461 0 0.218342 0 0 0.356185 1 
0.172615 0 0 0.000692309 0 3.73648e-05 4.59559e-05 0 0 0.000848776 0.000263802 0 0 0.000984485 0 0.000587517 0.00028613 0 0 0.451848 0.963103 0.404071 1 0.000526817 0 0.00061348 0.00046681 0.000798513 1 0.000957967 0 0 0 0 0 0 0 0 0 0 0 0 0 0 0 0 0 0 0 0 0 0 0 0 0 0 0 0 0 0 0 0 0 0 0 0 0 0 0 0 0 0 0 0 0 0 0 0 0 0 0 0 0 0 0.33714 0.745863 0.441901 0 0 0 0.714045 0.103998 0 
0.0728131 0.00763013 0.0142915 0.172564 0.0129107 5.10001e-07 0.00409594 7.11298e-06 0.00415774 0.095052 0.158461 0.00919038 0 0.211211 0.00804559 0.241175 0.02538 0.00196954 0.00946544 0.588232 0.155277 0.15291 1.66422e-05 0.430441 0.0105175 0.161612 0.136136 0.222549 1.60738e-06 0.355492 0 0 0 0 0 0 0 2.93539e-05 3.99675e-07 0 0 0 1.56163e-07 0 0.00464583 0 0 0 0 0 0 0 0 0 0 0.00336499 0 0 2.7407e-07 0 0 0 0 0 0 0 0 0 0 0 0 0 0 0 0 0 0 0 0 0 0 0 0 0 0 0.0862535 0.524348 0 0 0 0.0109219 0 0.9999 
0.815293 0 0 0 0 0 0 0 0 0 0 0 0 0 0 0 0 0 0 0.471797 0.511134 0.0155976 0 0 0 0 0 0 1 0 0 0 0 0 0 0 0 0 0 0 0 0 0 0 0 0 0 0 0 0 0 0 0 0 0 0 0 0 0 0 0 0 0 0 0 0 0 0 0 0 0 0 0 0 0 0 0 0 0 0 0 0 0 0 0.0122337 0.889449 0.554528 0.891072 0 0 0.481479 0.42272 0 
0.560803 0 0.483237 0.0489374 0.00524101 1.66045e-06 3.39339e-05 0.998309 0.643823 0.00340168 0.719354 0.687808 0.00804303 0.000541848 0.00563924 0.000767601 0.646964 5.39972e-05 0.00207263 0.688622 0.187289 0.0266084 0.00177748 0.561999 0.000672304 0.74396 0.0905834 0.833292 0.998017 0.191292 0.00239141 0 0 0 0 0 0.763818 0.0015949 0.650886 1.03021e-05 0 0 0.00105824 0.000478602 0.000205277 0 0 0.752481 0 0.00139509 0 0 2.6358e-06 0 6.46785e-07 0 0.00126636 0.833322 0.763794 0 0 1.77274e-05 0 0 0 0 0 0.00067673 0.833322 0 1.22893e-05 0 2.75068e-05 0 0 0 2.41083e-07 0 0 0 0 0 0.642099 1.56322e-05 0.108166 0 0.750938 0.530618 0.383604 0 0 0.971188 0.000553058 
0.57442 0 0.833313 9.99292e-05 0.551126 0.833316 8.18561e-05 4.75057e-06 2.37864e-06 0.681194 0.833309 0.00926234 0.00215899 0.833316 0.00016719 0.833311 0 0.000141699 0.000309884 0.72129 0.157734 0.0273404 0.999787 0.74366 0.00520162 0.115126 0.671793 0.00901465 0.997985 0.65267 0.000144399 0 0 0 0.833322 0.83332 0 0.00159534 0 0 0.833319 0 0.640768 2.24587e-05 0.765105 0 0.841658 3.07318e-07 0 5.57335e-05 0 0 1.02073e-07 0 0 0 1.03657e-05 0 0 0 0 0 0 0 0 0 0 0.000120056 0 0 0 0 0.833323 0.833322 0 0 0 0 0 0 0 0 0 0.833315 0 0 0.777338 0 0 0.487899 0 0.556258 0.998848 
0.769684 0.00066976 4.09572e-05 0.00200033 5.64362e-05 0.000972934 0.000457508 1 8.5644e-06 0.000597546 0.00010333 9.61845e-05 0.000839652 0.00050079 0.000418024 2.66659e-05 0.000125646 1.99644e-05 0.000924732 0.661683 0.964839 0.194836 1 0.0610601 2.29584e-05 0.00188141 0.00374997 0.000593191 1.75975e-06 0.0244161 0 0 0 0 0 0 0 1 0 4.8167e-05 0.000393973 0 0.000872655 7.30636e-07 0.000494535 0 0 0 0 1.06272e-06 0 0 0 0 0 0 0 0 0 0 0 0 0 0 0 2.74705e-07 1.91198e-06 0 0 0 0 0 0 0 1.0581e-06 0 0 0 2.5384e-07 0 0 0 0.000136845 2.94693e-07 0 0 0.500856 0 0 0.916081 0.481095 0 0 
0.860738 0 0.000147583 3.73253e-07 0 7.15179e-07 6.43019e-06 1 0 2.30314e-06 4.60867e-06 0 0.00218593 0 2.42654e-05 0 0 0 1.47179e-05 0.70837 0.969822 0.212285 1 7.69751e-05 1.61701e-06 0.00370919 1.77021e-06 2.47116e-06 0 0.000131628 0 0 0 0 0 0 0 0 0 0 0 0 0 0 0 0 4.63415e-07 0 0 0 0 0 0 0 0 0 0 0 0 0 0 0 0 0 0 0 0 0 0 0 0 0 0 0 0 0 0 0 0 0 0 0 0 1.28783e-05 0 0.576677 0.0769519 0.971963 0 0.105649 0.642993 0.819052 1 
0.499045 0 1.12024e-06 8.74239e-07 0 0 2.50666e-07 0 0 0 0 0 0 0 0 0 0 0 0 0.23755 0.509512 0.966113 1 5.24257e-07 0 0 0 0 1 0 0 0 0 0 0 0 0 0 0 0 0 0 0 0 0 0 0 0 0 0 0 0 0 0 0 0 0 0 0 0 0 0 0 0 0 0 0 0 0 0 0 0 0 0 0 0 0 9.35528e-07 0 0 0 5.53307e-07 0 0 0.624925 0.556371 0.661856 0.931368 0 0 0 0 0 
0.379023 0 0 0 0 0 0 1 0 0 0 0 0 0 0 0 0 0 0 0.6971 0.987566 0.950765 1 0 0 0 0 0 1 0 0 0 0 0 0 0 0 1 0 0 0 0 0 0 0 0 0 0 0 0 0 0 0 0 0 0 0 0 0 0 0 0 0 0 0 0 0 0 0 0 0 0 0 0 0 0 0 0 0 0 0 0 0 0 0 0 0.719288 0 0 0 0.979923 0.428287 1 
0.754017 0 1.12237e-05 4.53713e-05 9.26831e-07 0 2.87514e-07 1 1.0427e-05 0.000133914 0.00798296 0 0 1.1959e-05 4.90509e-06 9.97671e-07 0 0 5.2146e-05 0.33354 0.309314 0.89713 1 7.16615e-05 0.000440021 0.000287884 0.000490934 9.29335e-06 1 0.00788128 0 0 0 0 0 0 0 1 0 0 0 0 0 0 0 0 0 0 0 0 0 0 0 0 0 1.69175e-05 0 0 0 0 0 0 0 0 0 0 0 0 0 0 0 0 0 0 0 0 0 0 0 0 0 0 0 0 0 0.797906 0.71184 0.363481 0 0 0 0 1 
0.492088 0 0 0 0 0 0 1 0 0 0 0 0 0 0 0 0 0 0 0.860297 0.418999 0.655859 1 0 0 0 0 0 0 0 0 0 0 0 0 0 0 0 0 0 0 0 0 0 0 0 0 0 0 0 0 0 0 0 0 0 0 0 0 0 0 0 0 0 0 0 0 0 0 0 0 0 0 0 0 0 0 0 0 0 0 0 0 0 0.986744 0.999661 0.44828 0 0.441445 0 0.593061 0.10004 1 
0.0890627 0.00443186 0.065349 0.435474 0.00854766 1.98018e-05 0.0139984 0 0.00271239 0.00581785 0.045412 0.0402873 6.42061e-07 6.01627e-07 0.00518502 0.00806253 0.000310493 0.00109353 0.0218687 0.530674 0.261926 0.101493 0.999998 0.463614 0.000577576 0.0717385 0.197329 0.052746 1.14884e-07 0.193602 0 0 0 0 0 0 0 1 0.000249995 0 0 0 0.000177039 1.12545e-05 0 0 0 0 0 1.19157e-05 0 0 0 0 0 0 0 0 0.000153254 0 0 0 0 0 0 0 4.83637e-06 0 0 0 0 8.83418e-05 0 0 0 0 0 0 0 0 0 0 0 0 0 0.147664 0.290688 0 0.998639 0 0.787321 0.68614 7.73027e-07 
0.704507 0 0 0 0 0 0 1 0 0 0 0 0 0 0 0 0 0 0 0.00332782 0.380078 0.630946 1 0 0 0 0 0 0 0 0 0 0 0 0 0 0 1 0 0 0 0 0 0 0 0 0 0 0 0 0 0 0 0 0 0 0 0 0 0 0 0 0 0 0 0 0 0 0 0 0 0 0 0 0 0 0 0 0 0 0 0 0 0 0.263611 0.688643 0.833283 0.139508 0.225343 0 0 0 1 
0.336689 0 1.22485e-07 1.01582e-07 0 0 2.84029e-07 1 0 0 0 0 0 0 0 0 0 0 0 0.325705 0.323112 0.610218 1 1.05268e-05 2.38491e-07 1.47303e-06 3.24266e-06 0 0 3.49754e-06 0 0 0 0 0 0 0 1 0 0 0 0 0 0 0 0 0 0 0 0 0 0 0 0 0 0 0 0 0 0 0 0 0 0 0 0 0 0 0 0 0 0 0 0 0 0 0 0 0 0 0 0 0 0 0.152344 0.220155 0.497118 0.232266 0.557883 0 0.346875 0 1 
0.556244 0 0 0 0 0 0 0 0 0 0 0 0 0 0 0 0 0 0 0.559199 0.773642 0.194525 0 0 0 0 0 0 1 0 0 0 0 0 0 0 0 0 0 0 0 0 0 0 0 0 0 0 0 0 0 0 0 0 0 0 0 0 0 0 0 0 0 0 0 0 0 0 0 0 0 0 0 0 0 0 0 0 0 0 0 0 0 0 0.543422 0.0172221 0.73553 0 0.807302 0 0.435122 0.581363 0 
0.86674 0 0 0 0 0 0 0 0 0 0 0 0 0 0 0 0 0 0 0.917691 0.979988 0.559518 1 0 0 0 0 0 1 0 0 0 0 0 0 0 0 0 0 0 0 0 0 0 0 0 0 0 0 0 0 0 0 0 0 0 0 0 0 0 0 0 0 0 0 0 0 0 0 0 0 0 0 0 0 0 0 0 0 0 0 0 0 0 0.149218 0.938032 0.126256 0 0 0 0.466982 0.0447993 0 
0.856356 0 0 0 0 0 1.75408e-06 1 0 0 0.000577777 0 0 0 0 0 0 0 0 0.294581 0.636299 0.251771 1 6.30943e-07 0 0 0 0 0 0.000492609 0 0 0 0 0 0 0 0 0 0 0 0 0 0 0 0 0 0 0 0 0 0 0 0 0 0 0 0 0 0 0 0 0 0 0 0 0 0 0 0 0 0 0 0 0 0 0 0 0 0 0 0 0 0 0.364874 0.711639 0.947804 0 0.293838 0 0 0.0408713 1 
0.931597 0.0109375 0.0312443 0.0203304 0.00717924 0.000732332 0.0187077 0.999924 0.000710141 0.00279561 0.00262106 0.246562 0.00227578 0.00303714 0.0172556 0.00406922 0.00818716 0.000790633 0.00590405 0.655639 0.347878 0.0878468 0.99986 0.512215 0.650591 0.0288768 0.103193 0.00334785 0.999811 0.286089 0.0154476 0.000570738 0.000842404 2.93852e-05 0.000124473 8.38648e-05 0.00169935 0.999929 0.0156105 0.0437334 0.00047109 1.41918e-05 0.0066604 0.00445153 0.00231946 0.00117017 0.00937205 0.000487429 0.000139394 0.00259688 9.06623e-05 0.000271155 0.000502664 8.62251e-06 0.00368255 0 0.000152903 0.000241202 0.00212328 0.000228945 1.81327e-05 0.010511 0.000128701 3.1499e-05 4.47317e-06 0 0 0.000474335 1.48316e-06 0.000125732 0.00932156 5.69979e-06 0.000166513 7.52688e-06 0.000202455 2.86455e-06 6.04613e-05 0.000101817 0 0.000114028 7.00307e-05 0.000134925 0 0.0229679 0 0.745006 0.892292 0.234885 0.860648 0 0 0.731977 3.53311e-05 
0.812761 0 0 0 7.05076e-05 0 0.0326603 0 0 1.36767e-05 0 3.29108e-05 0 0 2.82461e-05 0 0 5.09243e-05 0.00010777 0.819698 0.982262 0.782715 1 0.000560773 0 0 0.0271494 2.40858e-05 0 2.45469e-05 0 0 0 0 0 0 0 1 0 0 0 0 0 0 0 0 0 0 0 0 0 0 0 0 0 0 0 0 0 0 0 0 0 0 0 0 0 0 0 0 0 0 0 0 0 0 0 0 0 0 0 0 0 0 0.304219 0.867494 0.82528 0 0 0 0.0810373 0.331936 0 
0.625108 0 0.673505 0.078276 0.677607 0 0.583845 5.03088e-05 0.710149 0.570988 0.674473 0.00402621 0 0.657124 0.65369 0.588236 0.745718 0.679188 0.750755 0.506466 0.0565016 0.1114 0.000345903 0.481874 0.0130834 0.602592 0.0580506 0.010103 0.000170671 0.244599 0 0 0 0 0 0 0 0.000496033 0 0 0 0 0 0 0.658684 0 0 0 0 0 0 0 0 0 0 0.83333 0 0 0 0 0 0 0 0 0 0 0 0 0 0 0 0 0 0 0 0 0 0 0 0 0 0 0 0 0 0 0.468133 0 0 0 0 0 0.998533 
0.109521 0 0 0.0155419 0 0 0 1 0 0.0289809 0.0314815 0 0 0.0550431 0 0.0301517 0.0160046 0 0 0.0674508 0.376612 0.667897 3.86768e-07 0.118641 1.63317e-06 0.0388199 0.126803 0.028431 0.999999 0.164994 0 0 0 0 0 0 0 6.99941e-07 0 0 0 0 0 0 0 0 0 0 0 0 0 0 0 0 0 0 0 0 0 0 0 0 0 0 0 0 0 0 0 0 0 0 0 0 0 0 0 0 0 0 0 0 0 0 0.337981 0.376091 0.786129 0.778795 0 0 0.00430875 0.270473 0.999998 
0.185082 0 0 0 0 0 0 0 0 0 0 0 0 0 0 0 0 0 0 0.326569 0.854108 0.168063 0 0 0 0 0 0 1 0 0 0 0 0 0 0 0 1 0 0 0 0 0 0 0 0 0 0 0 0 0 0 0 0 0 0 0 0 0 0 0 0 0 0 0 0 0 0 0 0 0 0 0 0 0 0 0 0 0 0 0 0 0 0 0 0.821759 0.210187 0.710022 0 0 0 0.54027 0 
0.255697 0 0 0 0 0 0 0 0 0 0 0 0 0 0 0 0 0 0 0.762301 0.687064 0.85517 1 0 0 0 0 0 1 0 0 0 0 0 0 0 0 0 0 0 0 0 0 0 0 0 0 0 0 0 0 0 0 0 0 0 0 0 0 0 0 0 0 0 0 0 0 0 0 0 0 0 0 0 0 0 0 0 0 0 0 0 0 0 0.835709 0.865138 0.705072 0 0 0 0.566667 0.774119 0 
0.58727 0.00266623 0.0855221 0.265199 0.012864 0 0.00107378 3.11743e-05 0.000803776 0.117237 0.234632 0.0268752 0 0.0386725 0.0184311 0.0841689 0 0.000746237 0.115658 0.490444 0.0830202 0.0180063 0.000174381 0.451339 0.0668955 0.167357 0.116131 0.0139872 7.86189e-05 0.287505 0 0 0 0 0 0 0 0.000249954 0 0 0 0 0 0 0.0102465 0 0 0 0 0 0 0 0 0 0 0.0505486 0 0 0 0 0 0 0 0 0 0 0 0 0 0 0 0 0 0 0 0 0 0 0 0 0 0 0 0 0 0.0304822 0.459405 0 0 0 0 0 4.96505e-05 
0.376283 0 0 0 0 0 0 0 0 0 0 0 0 0 0 0 0 0 0 0.610153 0.18733 0.591631 0 0 0 0 0 0 0 0 0 0 0 0 0 0 0 0 0 0 0 0 0 0 0 0 0 0 0 0 0 0 0 0 0 0 0 0 0 0 0 0 0 0 0 0 0 0 0 0 0 0 0 0 0 0 0 0 0 0 0 0 0 0 0.229368 0.595173 0.16956 0.642355 0.999602 0 0 0.330197 0 
0.685331 1.34086e-07 2.40066e-06 4.60138e-06 1.95786e-07 0 0 1 1.06334e-06 1.68548e-05 8.3292e-06 0 0 3.87498e-07 1.58233e-06 4.56559e-07 0 1.67846e-07 4.4627e-06 0.45328 0.586568 0.92216 0 8.56477e-06 0.00010466 0.00057031 0.00032344 1.23521e-06 1 0.000420631 0 0 0 0 0 0 0 0 0 0 0 0 0 0 0 0 0 0 0 0 0 0 0 0 0 1.76736e-06 0 0 0 0 0 0 0 0 0 0 0 0 0 0 0 0 0 0 0 0 0 0 0 0 0 0 0 0 0 0 0.991819 0 0 0 0 0.91908 1 
0.247258 0 0 0 0 0 0 1 0 0 0 0 0 0 0 0 0 0 0 0.334974 0.353483 0.439466 0 0 0 0 0 0 1 0 0 0 0 0 0 0 0 1 0 0 0 0 0 0 0 0 0 0 0 0 0 0 0 0 0 0 0 0 0 0 0 0 0 0 0 0 0 0 0 0 0 0 0 0 0 0 0 0 0 0 0 0 0 0 0.808581 0.337701 0.759875 0.654202 0 0 0.532042 0.255822 1 
0.802781 0 0 0 0 0 0 1 0 0 0.0670845 0 0 0 0 0 0 0 0 0.221081 0.292946 0.0870021 1 0 0 0 0 0 1.50055e-07 0.0651054 0 0 0 0 0 0 0 0 0 0 0 0 0 0 0 0 0 0 0 0 0 0 0 0 0 0 0 0 0 0 0 0 0 0 0 0 0 0 0 0 0 0 0 0 0 0 0 0 0 0 0 0 0 0 0 0.4114 0.850553 0 0.725695 0 0.328541 0 1 
0.6505 0 0 0 0 0 3.50961e-06 0 0 0 0 0 0 0 0 0 0 0 0 0.374894 0.744105 0.339405 0 1.26847e-06 0 0 0 0 0 0 0 0 0 0 0 0 0 1 0 0 0 0 0 0 0 0 0 0 0 0 0 0 0 0 0 0 0 0 0 0 0 0 0 0 0 0 0 0 0 0 0 0 0 0 0 0 0 0 0 0 0 0 0 0 0.850567 0.280299 0.528131 0.563856 0 0 0 0 0 
0.0527491 0.0019162 0.0316351 0.621694 0.00684528 0 0.00149056 0.999808 0.00136543 0.531433 0.190197 0.00629558 0 0.704002 0.00819637 0.568759 0.00305239 0.0011427 0.024515 0.0903813 0.084198 0.0828524 0.999791 0.420411 0.0214358 0.172963 0.107447 0.186005 5.01566e-05 0.331506 0 0 0 0 0 0 0 0.999994 0 0 0 0 0 0 0.00605738 0 0 0 0 0 0 0 0 0 0 0.0127291 0 0 0 0 0 0 0 0 0 0 0 0 0 0 0 0 0 0 0 0 0 0 0 0 0 0 0 0 0 0 0.369303 0 0 0 0 0 0.999338 
0.890873 0 0 0 0 0 0 0 0 0 0.215994 0 0 0 0 0 0 0 0 0.233827 0.815865 0.159101 0 0 0 0 0 0 1 0.223176 0 0 0 0 0 0 0 3.98326e-07 0 0 0 0 0 0 0 0 0 0 0 0 0 0 0 0 0 0 0 0 0 0 0 0 0 0 0 0 0 0 0 0 0 0 0 0 0 0 0 0 0 0 0 0 0 0 0 0.660661 0.105855 0 0.829748 0 0.0784741 0 0 
0.714033 0 0 0 0 0 0 1 0 0 0 0 0 0 0 0 0 0 0 0.131255 0.457352 0.74237 0 0 0 0 1.85864e-06 0 1 2.01941e-06 0 0 0 0 0 0 0 1 0 0 0 0 0 0 0 0 0 0 0 0 0 0 0 0 0 0 0 0 0 0 0 0 0 0 0 0 0 0 0 0 0 0 0 0 0 0 0 0 0 0 0 0 0 0 0 0.956564 0.0805728 0 0 0 0 0.816615 0 
0.293864 0 0 1.45108e-07 0 0 0 0 0 0 0.289584 0 0 0 0 0 0 0 0 0.445992 0.126058 0.380264 0.999999 2.51496e-07 4.57717e-07 3.79178e-07 0 1.59196e-07 1 0.302419 0 0 0 0 0 0 0 7.96658e-07 0 0 0 0 0 0 0 0 0 0 0 0 0 0 0 0 0 0 0 0 0 0 0 0 0 0 0 0 0 0 0 0 0 0 0 0 0 0 0 0 0 0 0 0 0 0 0.560943 0 0.778589 0 0.212784 0 0 0 0.999996 
0.888579 0.00142619 0.00448223 0.539253 0.0021148 0.000368548 0.00325073 0 0.00029495 0.000531007 0.000158166 0.0025282 1.75325e-05 0.000397678 0.00545138 0.00224051 0.00591364 0.000401775 0.00152595 0.660063 0.956494 0.95585 0.000120015 0.298106 1.67782e-06 0.132316 0.343609 9.23284e-07 4.63563e-05 0.0809219 0.0549539 0.000269902 0.000363356 0.000107665 0 0 0.00103966 0.999898 0.00011071 0.00238782 0.000110126 0.00166831 0.125528 0.000513989 0.137352 0.000261629 0 9.2513e-05 6.72929e-05 0.00547533 0.000121043 0.000226472 0.000168486 2.4104e-05 0.000519547 0 0 8.88991e-05 0.00133279 4.04292e-05 8.49376e-06 8.84173e-05 0.0141116 5.67635e-06 1.76413e-06 0.00040716 0 1.71042e-05 1.22731e-06 0.0122304 8.83879e-05 3.973e-06 0 0 6.16167e-06 8.23807e-06 9.07139e-06 0 0 0 1.05397e-05 0 0 0.0198011 0 0.784758 0.889461 0.218215 0.117623 0.86474 0.0149893 0 0.999624 
0.606368 0.00238933 0.0256249 0.0339875 0.00735668 0.000144959 0.0321365 0.999025 0.000551518 0.615566 0.0228698 0.030595 0.688052 0.00463995 0.00258993 0.00292165 5.91521e-05 0.00462105 0.0180221 0.684909 0.0986998 0.0374568 0.99938 0.491012 0.0719978 0.0579348 0.0922895 0.165872 0.998801 0.131166 5.47069e-06 0 0 0 0 4.06786e-05 6.72007e-07 0.999892 2.0372e-06 0.000158838 2.64184e-05 0 0.00149099 4.95757e-07 3.15351e-05 0 1.73347e-07 9.19495e-05 0 7.31062e-07 0 0 1.15479e-07 0 6.31928e-07 0 0.000718319 0 1.86068e-05 0 0 1.29515e-07 0 0 0 0.833327 0 9.06984e-07 0 0 0 0 8.23195e-05 1.75343e-06 1.42802e-07 0 1.58288e-07 0 0 0 0 0 1.05937e-05 5.29142e-06 0.27103 0 0.377796 0 0.318757 0.506243 0 0.059391 0.99714 
0.465235 0 0 0 0 0 0 0 0 0 0 0 0 0 0 0 0 0 0 0.442792 0.447089 0.269451 0 0 0 0 0 0 0 0 0 0 0 0 0 0 0 1 0 0 0 0 0 0 0 0 0 0 0 0 0 0 0 0 0 0 0 0 0 0 0 0 0 0 0 0 0 0 0 0 0 0 0 0 0 0 0 0 0 0 0 0 0 0 0.745622 0.333237 0.127791 0 0.687806 0 0.356883 0.0336212 1 
0.120902 0 0 0.0451224 0 0 0 0.999999 0 0.0927436 0.0181702 0 0 0.0480879 0 0.105236 0.0248663 0 0 0.801728 0.467814 0.262452 1.07046e-06 0.211611 6.36351e-07 0.0881505 0.204279 0.0826901 0 0.247359 0 0 0 0 0 0 0 1.66743e-06 0 0 0 0 0 0 0 0 0 0 0 0 0 0 0 0 0 0 0 0 0 0 0 0 0 0 0 0 0 0 0 0 0 0 0 0 0 0 0 0 0 0 0 0 0 0 0 0 0.999306 0.221761 0 0 0 0.367895 0.999995 
0.656846 0.018347 0.0445909 0.833312 0.00371701 0.746398 0.169064 1.15979e-05 0.83332 0.021082 0.0101142 7.11257e-05 0.735267 3.35789e-05 0.748258 0.00137367 0 0.00209173 0.684059 0.644395 0.07175 0.0284198 0.99909 0.42881 0.670705 0.66152 0.833264 0.716267 0.000654102 0.174467 0.000333652 0 0 0 0 0 0 0.999726 0 6.30536e-07 0.000267356 0 0.766866 0.745902 0.0102989 0 0 0 0 0 0 0 0 0 0.000518516 0 0 0 0 0 0 0 0 0 0 3.04377e-05 0 0 0 0 0 0 0 0 0 0.824985 0.00214607 0 0 0 7.55909e-07 0 0 0.0465255 0 0 0.234446 0 0.563585 0.197938 0.871725 0 0.000101391 
0.240382 0.000243604 0.00101509 0.128904 0.000339613 0 0.00010776 0 0.000244692 0.0578351 0.0645206 0.000314004 0 0.118504 0.000639009 0.0676737 0.0639682 5.9678e-05 0.000737039 0.24489 0.388688 0.482148 0.999999 0.109287 0.0021795 0.142828 0.0584834 0.078812 0 0.151215 0 0 0 0 0 0 0 1 0 0 0 0 0 0 0.000661882 0 0 0 0 0 0 0 0 0 0 0.00044843 0 0 0 0 0 0 0 0 0 0 0 0 0 0 0 0 0 0 0 0 0 0 0 0 0 0 0 0 0 0.795652 0.461916 0.120376 0 0 0.198793 0 0.999997 
0.447346 0.515554 0 0 0 0 0 0.999929 0 0 0 0 0 0 0 0 0 0 0 0.818151 0.154199 0.0621309 2.00446e-05 0.481192 0.259383 0.00346645 0.0035406 0.00469759 2.46561e-05 0.0542341 0 0 0 0 0 0 0 1 0 0 0 0 0 0 0 0 0 0 0 0 0 0 0 0 0 0 0 0 0 0 0 0 0 0 0 0 0 0 0 0 0 0 0 0 0 0 0 0 0 0 0 0 0 0 0.379137 0.664343 0.231213 0 0.365014 0 0.889601 0.524478 0.999947 
0.899103 0.000927704 0.00107219 0.00118561 0.0010257 3.57401e-05 0.00399082 1 1.8246e-06 0.0120176 0.00177912 0.00016185 0.0740256 9.8166e-05 0.00127619 4.07832e-07 2.24287e-06 3.60837e-05 0.0016033 0.825234 0.111885 0.796354 1 0.0269463 0.00703139 0.0405527 0.0109585 0.0716251 0.999999 0.279278 0.000111513 3.27222e-05 5.40388e-06 2.27636e-05 0 0 2.66017e-05 1.12702e-06 0.000243638 0.00155328 6.07463e-07 8.05788e-07 2.64379e-06 0.000121891 1.65552e-07 3.83713e-07 0.00100077 2.75223e-07 1.13012e-07 2.14287e-07 3.63492e-07 0 0 0 0 0 0 0 3.24147e-07 0 0 0 0 0 0 0 0 0 0 0 0 0 0 0 0 0 0 6.2954e-05 0 3.00685e-06 0 1.03578e-06 0 9.42982e-06 0.859141 0.224951 0.401358 0.953797 0 0.60389 0.174237 0 0 
0.352363 3.98695e-05 2.80244e-06 0.077729 0.00307218 4.41393e-06 0.00425896 0 2.26717e-07 0.0174766 0.00246164 0.000384616 1.63517e-05 1.94959e-05 1.30492e-06 0.000671865 2.80546e-05 0.000850538 1.24162e-05 0.619925 0.590432 0.938123 0 0.00682679 1.81235e-05 0.00100166 0.0748796 0.00224309 1 1.14048e-05 0 0 0 0 0 0 0 1 0 0 0 0 3.91455e-07 3.15662e-07 0 0 0 0 0 4.78774e-07 0 0 0 0 0 0 0 0 0 0 0 0 0 0 0 7.67144e-07 1.55948e-07 0 0 0 0 0 0 0 3.20515e-07 0 0 0 0 0 0 0 3.26826e-05 0 0 0.149668 0.240054 0 0 0 0.34243 0 0.999999 
0.819348 0 0.725703 0.620003 0.0259746 0.697386 0.0118856 0.998169 4.40292e-07 2.53112e-05 0.016366 0.737746 6.21565e-05 0.748805 0.0392576 0.0152105 0.0163276 6.91003e-06 0.00145314 0.615006 0.342738 0.0270393 0.999408 0.477222 5.25642e-06 0.0144181 0.279153 0.0167154 0.997966 0.109392 0.833318 0.833321 0.833321 0.833321 0 0 0.833319 0.00125409 0.709152 0.750271 0.705524 0.833321 0.833315 0.833318 0.824976 0.833321 0.76246 0.833318 0.833321 0.757652 0 0 0.833322 0.639414 0.833322 0 0.00509699 0 0.0163677 0.833321 0.833321 0.833322 0.833321 0.833321 0.833321 2.42594e-05 0 0.833322 0 0.833321 0.833322 0 5.56339e-06 0 0.833319 0.62988 0.833321 0.824982 0 0.824982 4.59848e-07 0.841658 0 0.763715 0.0473231 0.988939 0.918442 0.34608 0 0 0 0 0.00028718 
0.270957 2.76803e-05 8.5447e-05 0.00167711 0.0957987 0.0481289 0.35964 0.999994 7.53459e-06 5.1811e-05 0.000272189 0.049995 1.37827e-05 8.39495e-06 0.0913011 2.61368e-05 1.146e-06 0.0471241 0.106821 0.637385 0.341875 0.258325 0.999997 0.196936 0.000107685 0.002636 0.295045 0.0925075 0.999995 0.13187 3.18632e-07 0 0 0 0 0 0 1 4.59266e-05 2.08662e-06 0 0 0.000665365 9.58922e-06 0 0 5.48574e-06 0 0 3.70703e-07 0 0 0 0 0 0 1.57445e-06 0 5.48161e-07 0 0 0 0 0 0 0 1.53598e-07 0 0 0 0 1.20918e-05 0 0 1.59061e-06 0 0 5.15585e-06 2.33844e-07 6.41744e-07 0 6.9028e-07 0 0 0.44378 0.719416 0.376416 0 0 0 0.575803 0 0.999977 
0.130912 0.365238 0.042179 0.104652 0.00970328 0.114496 0.213353 4.90996e-06 0.00113117 0.0116182 0.178493 0.0315345 0 0 0.0115279 0.00309722 0.00630393 0.00255464 0.0266732 0.740605 0.155779 0.134318 0.999949 0.490799 0.124287 0.117444 0.102885 0.113246 8.65691e-06 0.0515093 0 0 0 0 0 0 0 6.52709e-05 0.00849733 0 0 0 0.0036731 0 0 0 0 0 0 0 0 0 0 0 0 0 0 0 0.0026023 0 0 0 0 0 0 0 0 0 0 0 0 0.000889589 0 0 0 0 0 0 0 0 0 0 0 0 0.546707 0.872109 0.259989 0 0 0 0.783041 0.207681 0.99988 
0.597013 7.42946e-07 0.00718048 0.0314914 6.99598e-07 0 0.00868913 0 0 0.0402466 0.00811278 0.0225587 0.0284945 0.00559758 0.00830605 0.283564 4.67198e-07 0.0380681 6.99551e-05 0.846184 0.0212529 0.0733009 0.999998 0.0250823 0.00804196 0.0132123 0.235321 0.0658043 8.65651e-07 0.00297877 1.42946e-05 0 0 0 0 0 0 1 0 0 0 0 1.86598e-07 0 1.84837e-07 0 0 0 0 0 0 6.02758e-05 0 0 0 0 5.84658e-07 0 0 0 0 0 0 0 0 0 0 0 0 0 0 0 0 0 0 0 0 0.000221614 0 1.54023e-05 0 2.3485e-06 1.46894e-07 0 0.281726 0.287009 0.578062 0 0 0 0 0 0 
0.860654 0.000343925 0.00107676 0.00551277 0.000670481 0.000887879 0.000966829 1 2.43408e-05 0.000258845 0.000401505 0.000270367 0.00241988 0.000392401 0.000350746 0.000172354 3.5925e-06 3.72524e-05 0.000130924 0.0253154 0.159725 0.040594 1.94238e-06 0.259599 0.0119042 0.0715453 0.0503005 0.027055 0.999998 0.102161 0.000540044 2.41562e-06 3.97457e-05 8.10591e-07 0.000970015 6.64713e-06 1.19233e-06 1 0.0117174 0.0129744 0.00013376 2.4233e-06 0.000100573 0.0110302 7.48927e-05 0 0.00450333 5.80598e-05 1.8719e-07 1.84985e-05 6.05474e-07 1.43255e-07 1.19371e-07 0 8.05431e-07 0 0 1.46872e-06 0 0 0 0 1.23338e-07 1.95501e-07 0 2.23854e-05 0 0 0 0 0 0 2.93711e-06 1.23083e-07 0 0 0 0 0 0 0 0 0 0.000218701 0.461395 0.18687 0.815067 0.0256477 0 0 0.0333667 0.105245 5.50345e-07 
0.451462 0 2.47912e-06 1.65161e-06 4.02244e-07 1.33531e-07 0 0 8.12986e-07 4.28738e-07 0 0 7.28638e-07 1.88681e-07 2.11751e-07 8.25709e-07 1.90736e-06 0 2.6032e-07 0.118291 0.814295 0.630388 0 1.62216e-06 0 1.71061e-06 1.98498e-06 0 0 9.30627e-07 3.70123e-07 0 0 0 0 0 0 1 0 0 0 0 0 0 0 0 0 1.77618e-07 0 6.74902e-07 0 0 0 0 1.31887e-07 0 0 2.43565e-07 9.33663e-07 0 0 0 0 0 0 0 0 0 0 0 0 0 0 0 1.21548e-07 0 0 0 0 0 0 0 0 1.46672e-07 0.204437 0.534524 0.749069 0.690371 0 0 0.245707 0 1 
0.165664 0 0 0 0 0 0 1 0 0 0 0 0 0 0 0 0 0 0 0.778076 0.197574 0.725881 0 0 0 0 0 0 1 0 0 0 0 0 0 0 0 0 0 0 0 0 0 0 0 0 0 0 0 0 0 0 0 0 0 0 0 0 0 0 0 0 0 0 0 0 0 0 0 0 0 0 0 0 0 0 0 0 0 0 0 0 0 0 0.696918 0.651135 0.678245 0 0 0 0.803076 0.797316 1 
0.544221 0 0 0 0 0 8.53878e-07 1 0 1.03483e-07 0 0 0 0 0 0 0 0 0 0.926282 0.914405 0.141613 1 0 0 0 6.48844e-07 0 0 0 0 0 0 0 0 0 0 0 0 0 0 0 0 0 0 0 0 0 0 0 0 0 0 0 0 0 0 0 0 0 0 0 0 0 0 0 0 0 0 0 0 0 0 0 0 0 0 0 0 0 0 0 0 0 0.719213 0.716559 0.765372 0 0 0 0.342026 0.761482 0 
0.867077 0.00246415 0.0151303 0.0172581 0.00557237 0 0.00190081 1 0.000497049 0.0391117 0.0207877 0.0027101 0 0.00359496 0.00184209 0.00284065 0 0.00208801 0.0181424 0.365083 0.303714 0.14384 5.49909e-07 0.0321677 0.0719719 0.071162 0.115083 0.00108294 0.999999 0.18201 0 0 0 0 0 0 0 1 0 0 0 0 0 0 0.00198085 0 0 0 0 0 0 0 0 0 0 0.00228938 0 0 0 0 0 0 0 0 0 0 0 0 0 0 0 0 0 0 0 0 0 0 0 0 0 0 0 0 0 0.77263 0.505294 0.386364 0 0 0.306162 0.0228733 1.55167e-07 
0.894095 0.0081991 0.0312403 0.044199 0.0820624 0 0.0057885 0 0.00431334 0.314649 0.117015 0.00602936 0 0.00685986 0.0182977 0.00900564 0 0.00236077 0.263069 0.158182 0.181872 0.302167 0.999994 0.371302 0.140967 0.1506 0.035122 0.00874362 0.999992 0.288406 0 0 0 0 0 0 0 1 0 0 0 0 0 0 0.0022294 0 0 0 0 0 0 0 0 0 0 0.00982559 0 0 0 0 0 0 0 0 0 0 0 0 0 0 0 0 0 0 0 0 0 0 0 0 0 0 0 0 0 0.0404729 0.673829 0.0354552 0 0 0 0.583883 0.99998 
0.347825 0 0 0 0 0 0 1 0 0 0 0 0 0 0 0 0 0 0 0.148177 0.645733 0.392066 1 0 0 0 0 0 0 0 0 0 0 0 0 0 0 1 0 0 0 0 0 0 0 0 0 0 0 0 0 0 0 0 0 0 0 0 0 0 0 0 0 0 0 0 0 0 0 0 0 0 0 0 0 0 0 0 0 0 0 0 0 0 0.467515 0.961559 0.179331 0.284555 0 0 0 0 0 
0.994782 0.000198603 0.000753918 0.000203166 0.000697256 1.01005e-07 1.78118e-05 1 7.27466e-06 4.43336e-07 1.1335e-06 1.99609e-06 4.5299e-05 0.000310509 2.14878e-07 0 1.15173e-07 0 0.000271537 0.55869 0.806438 0.847654 1 0.00311295 1.1068e-05 0.000211644 0.000109336 5.42949e-06 0 0.0083055 0.0012341 0.000405743 0.000152541 0.000285516 0 0 0.000110979 1 0.000348679 9.72966e-05 1.76503e-06 6.80463e-07 4.19799e-06 7.36972e-05 0 1.90199e-07 0.000194315 0 0 0 1.30487e-07 0 0 0 0 0 0 0 0 0 0 0 0 0 0 0 0 0 0 0 0 0 0 0 0 0 0 3.65462e-06 0 0 0 0 0 0.000132526 0.0312843 0.433517 0.364232 0.64413 0 0.00729187 0.271338 0.393402 1 
0.973086 0 0 0 0 0 0.000903627 0 0 0.00102877 0 0 0 0 0 0 0 0 0 0.377147 0.312009 0.734331 0 0.000376057 0 0 0 0 0 0 0 0 0 0 0 0 0 0 0 0 0 0 0 0 0 0 0 0 0 0 0 0 0 0 0 0 0 0 0 0 0 0 0 0 0 0 0 0 0 0 0 0 0 0 0 0 0 0 0 0 0 0 0 0 0.863254 0.756147 0.246051 0.382152 0 0 0.345873 0.643532 1 
0.754085 1.10588e-05 0.000953625 0.0402919 1.5316e-05 2.85274e-06 0.0220144 0.999949 0 0.0112852 0.000779198 0.423884 0.0456567 0.00319306 0.00332661 0.250661 3.51114e-06 0.756226 0.00051352 0.620332 0.151148 0.143858 0.999946 0.153047 0.00100251 0.0128879 0.240125 0.376743 0.999966 0.0301577 2.24191e-05 0 0 0 0 5.04189e-05 0 5.33323e-05 0 5.33996e-06 0 0 3.6805e-07 0 0 0 0 0 0 0 0 0 0 0 0 0 0.0073574 0 0 0 0 2.5477e-05 0 0 0 6.04968e-06 0 0 0 0 2.51781e-05 0 0 0 3.71195e-07 0 0 0 0 0 0 0 3.89609e-07 2.33327e-05 0.929232 0 0.0936486 0 0 0 0 0 0.999812 
0.414045 0.655262 0 8.5025e-06 0 0 0 0.999982 0 4.5289e-05 0.000191935 0 0 3.4382e-06 1.32214e-07 5.33276e-06 1.94673e-06 0 5.60713e-05 0.811423 0.144518 0.772659 0.999995 0.430939 2.04403e-05 0.483745 0.428478 5.61451e-06 0.999977 0.00140544 0 0 0 0 0 0 0 1.78311e-05 0 0 0 0 0 0 0 0 0 0 0 0 0 0 0 0 0 0 0 0 0 0 0 0 0 0 0 0 0 0 0 0 0 0 0 0 0 0 0 0 0 0 0 0 0 0 0 0 0.501707 0 0 0 0.00782525 0 0.99995 
0.391042 1.94621e-06 5.13513e-06 1.97916e-06 0 0 0 0 0 3.66815e-05 6.6385e-06 1.93569e-06 0 7.23353e-07 0 8.10149e-06 0 6.72065e-07 2.01457e-06 0.707107 0.944509 0.272157 0 4.31514e-06 6.35263e-07 4.85236e-06 2.1937e-06 0 1 1.11263e-07 0 0 0 0 0 0 0 0 0 0 0 0 0 0 1.3166e-06 0 0 0 0 0 0 0 0 0 0 0 0 0 0 0 0 0 0 0 0 0 0 0 0 0 0 0 0 0 0 0 0 0 0 0 0 0 0 0 0.0158876 0.913934 0.515523 0.996325 0 0 0 0 1 
0.704303 0 7.57308e-07 8.0913e-07 3.91508e-07 0 0 1 2.34954e-07 8.6735e-06 4.15451e-06 0 0 5.72705e-07 6.76586e-07 1.63232e-07 0 0 7.77934e-06 0.1862 0.530278 0.958788 1 5.99758e-06 0.000209114 3.78192e-05 0.00184672 2.77577e-07 0 0.00212334 0 0 0 0 0 0 0 0 0 0 0 0 0 0 0 0 0 0 0 0 0 0 0 0 0 3.97606e-06 0 0 0 0 0 0 0 0 0 0 0 0 0 0 0 0 0 0 0 0 0 0 0 0 0 0 0 0 0.0759 0.165933 0.428089 0 0 0 0.986828 0 1 
0.658144 0.000336421 0.00496422 0.0257366 0.0129852 0.00109395 0.00690771 0 0.000287008 0.00149297 0.00104559 0.00304245 0.00106453 0.000574881 0.0111933 0.771637 0.491393 0.00140067 0.00357714 0.72905 0.392318 0.979314 0.000125581 0.205458 2.52027e-07 0.355134 0.307559 0.00229971 7.44309e-05 0.317572 0.00400307 1.60498e-06 2.46481e-06 2.60276e-07 0 0 0.603591 0.999919 1.4445e-06 0.000355083 2.01338e-05 2.65785e-06 0.00234257 0.000218879 0.00387702 7.52555e-05 0 8.70095e-05 1.28096e-05 0.000498644 0.653762 0.833332 0.000238765 1.36333e-05 0.00183543 0 0 6.48426e-05 0.602095 6.41666e-05 2.79542e-06 0.000243378 0.000264873 7.01091e-06 2.11609e-06 0 0 0.000115714 2.84066e-06 0.000261367 0.000242843 1.32348e-05 0 0 8.29288e-05 4.19226e-05 0.000911096 0 0 0 0.000483855 0 1.08708e-06 0.00953933 0.596484 0.842051 0.904385 0.997033 0 0.254621 0 0.0894041 2.33115e-05 
0.304892 0 0 0 0 0 0 1 0 0 0 0 0 0 0 0 0 0 0 0.0760557 0.773419 0.0266414 1 0 0 0 0 0 1 0 0 0 0 0 0 0 0 1 0 0 0 0 0 0 0 0 0 0 0 0 0 0 0 0 0 0 0 0 0 0 0 0 0 0 0 0 0 0 0 0 0 0 0 0 0 0 0 0 0 0 0 0 0 0 0.802194 0.263892 0.964054 0.800495 0 0 0.315258 0 1 
0.575039 5.0805e-06 2.1286e-05 7.99814e-07 5.44103e-06 2.44301e-06 1.54241e-06 1 0 0.000332447 0.000278037 1.08538e-05 1.19751e-05 0.000132253 0.000107379 8.04833e-06 0 9.38433e-06 1.03031e-05 0.952151 0.877708 0.600054 1 0.18892 3.15031e-06 3.40382e-06 0.00192871 0.00691634 0.999999 0.0305059 0 0 0 0 0 5.25896e-06 0 1 0 0 0 0 0 0 0 0 0 0 0 0 0 0 0 0 0 0 0 0 0 0 0 0 0 0 0 0 0 0 0 0 0 0 0 1.86979e-06 0 0 0 0 0 0 0 0 0 0 0 0.598647 0.198018 0 0 0.0327128 0 0.953619 1 
0.822149 0.507964 0 0 0.746819 0 0 0.999924 0 0 0 0.600344 0 0 0 0 0 0 0 0.0480269 0.182479 0.0514334 0.999959 0.495519 0.0700625 0.0389619 0.748129 0.0273763 0.999929 0.0799436 0.000842284 0 0 0 0 0 0 6.86676e-05 0 0 0 0 0 0 0 0 0 0 0 0 0 0 0 0 0 0 0 0 0 0 0 0 0 0 0 0 0 0 0 0 0 0 0 0 0 0 0 0 0 0 0 0 0 0 0.783686 0 0.012327 0 0 0.171063 0 0.817805 2.85427e-05 
0.178123 2.22428e-05 0.00947889 0.0151498 0.00132907 0.0010272 0.401422 0 0.000174077 0.0164219 0.00950674 0.0100216 0.00538418 0 0.0130834 0.00493277 0.0063461 0.160925 0.0669797 0.130108 0.0607836 0.220018 0.999999 0.132832 0.000408427 0.307301 0.245796 0.25164 8.40457e-07 0.074068 0 0 0 0 0 0 0 1 0.00118154 0 2.90591e-05 0 0.00366601 0 0 0 0 0 0 0 0 0 0 0 0 0 0 0 0.00421715 0 0 0 0 0 0 0 0 0 0 0 0 0.000324152 0 0 0 0 0 8.39404e-07 0 0 0 1.35877e-05 0 0 0.748099 0.25406 0.286467 0.74981 0 0 0.360524 0 0.999968 
0.750922 0 0 0 0 0 0 0 0 0 0 0 0 0 0 0 0 0 0 0.12933 0.542234 0.952676 0 0 0 0 0 0 0 0 0 0 0 0 0 0 0 0 0 0 0 0 0 0 0 0 0 0 0 0 0 0 0 0 0 0 0 0 0 0 0 0 0 0 0 0 0 0 0 0 0 0 0 0 0 0 0 0 0 0 0 0 0 0 0.0328066 0.278821 0.451389 0.0615849 0 0 0.204586 0.922529 0 
0.628258 2.43375e-06 1.36855e-07 9.00848e-06 0.00037007 1.02532e-05 0.383927 0.999997 0 4.77527e-06 3.69131e-06 5.52996e-05 2.65923e-07 3.11303e-07 0.000127466 0 0 5.75905e-05 0.000461457 0.45522 0.106269 0.064686 3.73702e-07 0.0509272 0.0027393 0.000115769 0.396139 0.000374621 1.00644e-07 0.0172191 0 0 0 0 8.90909e-06 6.55707e-07 0 1 0 0 0.00248469 0 0 0 0 0 0 0.000186585 0 0 0 0 0 0 0 0 0 0 0 0 0 0 0 0 0 0 0 0 0 0 0 0 0 0 0 0 0 0 0 0 0 0 0 0 0.489417 0.146418 0.260708 0 0 0 0.424124 0.564244 1.12543e-07 
0.0917627 1.43723e-07 4.83955e-05 0.113964 1.5776e-06 0.000653491 0.000640473 0 1.13355e-07 0.253165 0.0559594 4.38132e-05 0 0.119927 1.48881e-06 0.25816 0.129097 0 2.82381e-06 0.487423 0.25882 0.218669 0.999995 0.327391 9.04437e-06 0.277997 0.0584948 0.20173 0 0.253306 0 0 0 0 0 0 0 5.24126e-06 0 0 0 0 0 0 1.36041e-06 0 0 0 0 0 0 0 0 0 0 0 0 0 0 0 0 0 0 0 0 0 0 0 0 0 0 0 0 0 0 0 0 0 0 0 0 0 0 0 0 0.644732 0.0191712 0 0 0 0.983366 0 3.35823e-07 
0.793637 0 1.71759e-07 2.70244e-06 8.29553e-05 0 0.348183 0 0 0 5.11791e-07 1.95208e-06 5.71995e-07 0 4.03883e-05 0 0 1.5786e-06 4.13752e-05 0.0645354 0.858967 0.354353 2.12112e-06 0.357833 0 1.85926e-05 0.0205697 8.77864e-05 0.999998 0.000307948 0 0 0 0 0 0.00018729 0 1 0 0 0 0 0 0 0 0 0 0 0 0 0 0 0 0 0 0 0 0 0 0 0 0 0 0 0 0 0 0 0 0 0 0 0 0 0 0 0 0 0 0 0 0 0 0 0.907532 0.738676 0.436172 0 0.0947014 0 0 0 1.25262e-07 
0.30681 0 0 0 0 0 0 1 0 0 2.21858e-06 0 0 0 0 0 0 0 0 0.0917193 0.638844 0.0283984 0 0 0 0 0 0 1 1.88497e-06 0 0 0 0 0 0 0 1 0 0 0 0 0 0 0 0 0 0 0 0 0 0 0 0 0 0 0 0 0 0 0 0 0 0 0 0 0 0 0 0 0 0 0 0 0 0 0 0 0 0 0 0 0 0 0 0.259121 0.883979 0 0.364736 0 0.710689 0.159361 1 
0.712814 0 0 0 0 0 0 0 0 0 0 0 0 0 0 0 0 0 0 0.13374 0.516932 0.33155 1 0 0 0 0 0 0 0 0 0 0 0 0 0 0 1 0 0 0 0 0 0 0 0 0 0 0 0 0 0 0 0 0 0 0 0 0 0 0 0 0 0 0 0 0 0 0 0 0 0 0 0 0 0 0 0 0 0 0 0 0 0 0.468927 0.343658 0.491493 0.771064 0.442351 0 0.788799 0 0 
0.505383 0 0 0 0 0 0 1 0 0 0 0 0 0 0 0 0 0 0 0.362203 0.932922 0.553095 1 0 0 0 0 0 1 0 0 0 0 0 0 0 0 0 0 0 0 0 0 0 0 0 0 0 0 0 0 0 0 0 0 0 0 0 0 0 0 0 0 0 0 0 0 0 0 0 0 0 0 0 0 0 0 0 0 0 0 0 0 0 0.264683 0.0697678 0.729818 0.9073 0 0 0.71839 0 1 
0.820751 1.26341e-07 8.00483e-07 3.90943e-07 0 0 0.576584 0.999992 0 1.06056e-07 4.12101e-07 5.0213e-07 7.878e-07 0 0 0 0 2.03707e-07 1.93331e-07 0.748375 0.18668 0.995947 8.88744e-06 0.470819 0 0.00655088 0.0774439 0.000455958 0.99999 6.67003e-06 0 0 0 0 0 0.0131078 0 7.43682e-06 0 0 0 0 0 0 0 0 0 0 0 0 0 0 0 0 0 0 0 0 0 0 0 0 0 0 0 0 0 0 0 0 0 0 0 0 0 0 0 0 0 0 0 0 0 0 0.941437 0.613397 0.26463 0 0.251947 0 0 0 0.999972 
0.521682 0 0.369686 0.0276765 0.0405593 0.00325624 0.286119 0.999616 0.00153833 0.0561851 0.0125658 0.00170176 0.0131914 0.000405964 0.00453097 0.000206215 0.00053416 0.000335431 0.0229352 0.611163 0.0864801 0.0640332 0.000286236 0.373903 0.0429116 0.127799 0.211031 0.0163608 0.999608 0.833309 0.00585864 2.0955e-07 2.07179e-06 0 0 0 7.34261e-06 0.999932 0.000183497 0.00103054 0.00121821 0 0.0955379 0.000719282 0.000591801 0.000102417 5.33728e-05 0.0001469 6.69678e-06 0.00322674 0 0 0.000790413 0 2.50357e-06 0 0 2.61122e-07 1.32592e-05 0.000121271 1.16103e-06 2.10845e-07 6.62965e-07 2.05243e-06 6.43362e-07 0.000324187 5.09681e-05 0.00547154 0 5.57525e-07 3.92402e-07 0 0 0 0.000338425 0 1.062e-06 0 0.000498298 0 1.95856e-07 0 7.22503e-05 2.86323e-05 0 0 0.1664 0.87783 0.106165 0 0.674344 0 1.02992e-05 
0.780094 4.18226e-06 8.22637e-05 8.70219e-05 5.81007e-05 0 1.88859e-05 1 5.15767e-07 0.000245246 9.64167e-05 1.3019e-05 0 6.75544e-06 1.70206e-06 8.30886e-06 0 5.23719e-06 9.8448e-05 0.30104 0.809342 0.733053 1 9.71632e-05 0.0182022 0.00155169 0.0160435 6.02402e-07 1 0.0328842 0 0 0 0 0 0 0 1 0 0 0 0 0 0 2.1288e-05 0 0 0 0 0 0 0 0 0 0 7.69479e-06 0 0 0 0 0 0 0 0 0 0 0 0 0 0 0 0 0 0 0 0 0 0 0 0 0 0 0 0 0.782661 0 0.158617 0 0 0 0 0 0 
0.403072 0 0 0 0 0 0 0 0 0 0 0 0 0 0 0 0 0 0 0.173151 0.568043 0.779083 0 0 0 0 0 0 0 0 0 0 0 0 0 0 0 1 0 0 0 0 0 0 0 0 0 0 0 0 0 0 0 0 0 0 0 0 0 0 0 0 0 0 0 0 0 0 0 0 0 0 0 0 0 0 0 0 0 0 0 0 0 0 0.441382 0 0.725265 0 0 0 0.662398 0.943674 0 
0.945684 0 0 1.67325e-07 0.026438 0 0.161628 0.999998 0 0.00113694 0 0.0324886 0.0475361 0 0.02886 0 0 0.201096 0.122508 0.531476 0.887298 0.472602 8.4832e-07 0.0356149 0 0 0.0762452 0.0265944 1.6176e-06 0.0268466 0 0 0 0 0 1.86594e-07 0 1 0 0 0 0 0 0 0 0 0 0 0 0 0 0 0 0 0 0 0 0 0 0 0 0 0 0 0 0 0 0 0 0 0 0 0 0 0 0 0 0 0 0 0 0 0 0 0.818624 0.989267 0.500324 0.0535348 0 0 0.946897 0 0 
0.896535 0 0 0 0 0 0 0 0 0 0 0 0 0 0 0 0 0 0 0.794286 0.59416 0.19532 0 0 0 0 0 0 0 0 0 0 0 0 0 0 0 0 0 0 0 0 0 0 0 0 0 0 0 0 0 0 0 0 0 0 0 0 0 0 0 0 0 0 0 0 0 0 0 0 0 0 0 0 0 0 0 0 0 0 0 0 0 0 0.16269 0.485211 0.401556 0.159504 0.924387 0 0 0.0014496 1 
0.161684 0.00334433 0.0230929 0.010907 0.00750266 0.00418416 0.00493533 0.999995 0.000406067 0.00502563 0.348833 0.0546159 0 0.000253653 0.00433306 0.000362419 0.00635026 0.000492208 0.00878077 0.694902 0.722559 0.824154 0.999996 0.31049 0.00732269 0.304365 0.136596 0.164197 0.999989 0.125326 4.011e-07 0 0 0 0 0 0 1 0.00573832 3.9941e-07 0 0 0.00109965 4.09729e-07 0 0 1.50861e-06 1.82548e-05 0 0 0 0 0 0 0 0 3.78777e-05 0 0.00196153 0 0 0 0 0 0 0 0 0 1.6721e-05 0 0 0.00163461 0 0 0 0 0 1.37933e-05 0 1.81256e-06 0 9.35326e-07 0 0 0.143106 0.689535 0.981141 0 0.653137 0 0.552591 0.249749 0.999991 
0.843335 0 0 0 0 0 0 1 0 0 0 0 0 0 0 0 0 0 0 0.21112 0.79691 0.360239 0 0 0 0 0 0 1 0 0 0 0 0 0 0 0 1 0 0 0 0 0 0 0 0 0 0 0 0 0 0 0 0 0 0 0 0 0 0 0 0 0 0 0 0 0 0 0 0 0 0 0 0 0 0 0 0 0 0 0 0 0 0 0 0.258542 0.96028 0.557065 0.553292 0 0.406056 0.15766 1 
0.088575 0 0 1.42815e-06 0 0 0 0 0 3.9987e-06 8.02573e-06 0 0 1.56425e-05 0 1.08649e-05 1.73496e-05 0 0 0.0217356 0.277907 0.989987 0 7.8912e-06 0 1.73596e-05 3.92082e-07 1.18942e-05 0 1.52158e-05 0 0 0 0 0 0 0 0 0 0 0 0 0 0 0 0 0 0 0 0 0 0 0 0 0 0 0 0 0 0 0 0 0 0 0 0 0 0 0 0 0 0 0 0 0 0 0 0 0 0 0 0 0 0 0.484487 0.913185 0.0455615 0.0323521 0 0 0 0 1 
0.282874 0.0004967 0.00229825 0.00196483 0.000123222 2.06361e-06 1.17311e-05 1 8.00479e-06 0.00111089 0.000209238 0.00161568 4.0681e-06 1.13964e-05 0.000283181 2.71005e-05 0.000173392 9.35366e-07 0.000160777 0.0512421 0.629262 0.993772 0.999999 0.095414 0.110854 0.0125649 0.0651578 0.00101261 0.999999 0.13521 0.000113263 0 0 0 0 0 3.59444e-07 1 0.029934 0.0339481 0 0 9.62592e-05 0.0315673 5.53323e-07 0 0.00627354 1.11639e-06 0 9.18385e-06 0 0 0 0 4.95354e-07 0 0 2.25322e-06 0.000105452 0 1.41355e-07 0 1.19836e-06 6.56122e-07 1.09712e-07 0 0 1.29053e-07 2.16201e-06 0 0 4.1361e-05 0 0 7.59866e-07 0 6.96307e-07 0.00119277 0 0.000263162 1.63982e-07 0.00082757 0 1.38979e-06 0 0.181436 0.6535 0.712848 0 0 0.0797995 0 0.999997 
0.589261 3.64552e-06 3.5342e-06 2.10205e-06 2.9277e-07 0 1.00506e-05 1 0 4.67953e-05 3.59101e-05 8.80598e-07 3.00076e-07 4.50315e-06 1.27729e-05 1.03491e-06 0 1.7727e-06 1.57466e-05 0.919148 0.740608 0.963755 1 0.0139137 4.42704e-05 2.543e-06 0.00010471 0.000113853 1 0.00233267 0 0 0 0 0 7.16366e-07 0 1 1.31414e-06 0 0 0 0 1.81263e-07 0 0 2.4376e-06 1.62397e-06 0 0 0 0 0 0 0 0 0 0 0 0 0 0 0 0 0 0 0 0 0 0 0 0 0 0 0 0 0 1.81971e-06 0 1.11387e-07 0 0 0 0 0 0.669415 0.824199 0.00829798 0 0 0.587862 0.821204 0 
0.274822 0.380837 1.52304e-06 0.0759245 3.28194e-07 0 0 0.99999 0 0.0893703 0.0401079 0 0 0.0665404 6.00488e-07 0.107245 0.0378775 0 2.33565e-06 0.98052 0.182244 0.161219 1.17448e-05 0.405583 1.89846e-06 0.128761 0.352726 0.0913858 9.39379e-07 0.287554 0 0 0 0 0 0 0 1 0 0 0 0 0 0 0 0 0 0 0 0 0 0 0 0 0 0 0 0 0 0 0 0 0 0 0 0 0 0 0 0 0 0 0 0 0 0 0 0 0 0 0 0 0 0 0 0.144698 0.834167 0 0 0 0.0846951 0 0.999964 
0.925727 0.00103834 0.0105236 0.00777638 0.00446371 0 0.00126986 0 8.47546e-05 0.0154956 0.0151065 0.0017625 0 0.000734954 0.000440069 0.000458937 0 0.00145715 0.0223461 0.286835 0.97852 0.167958 1 0.0147685 0.0123344 0.0109622 0.00409448 0.000112586 1 0.0176729 0 0 0 0 0 0 0 1.07374e-07 0 0 0 0 0 0 0.00108145 0 0 0 0 0 0 0 0 0 0 0.000221992 0 0 0 0 0 0 0 0 0 0 0 0 0 0 0 0 0 0 0 0 0 0 0 0 0 0 0 0 0 0.23487 0.760415 0.444496 0 0 0.112838 0 1 
0.200336 0 0 0 0 0 0 1 0 0 0 0 0 0 0 0 0 0 0 0.809053 0.882213 0.537988 1 0 0 0 0 0 1 0 0 0 0 0 0 0 0 0 0 0 0 0 0 0 0 0 0 0 0 0 0 0 0 0 0 0 0 0 0 0 0 0 0 0 0 0 0 0 0 0 0 0 0 0 0 0 0 0 0 0 0 0 0 0 0 0 0.897 0.60769 0 0 0.971208 0.993805 1 
0.41663 0 0 0 0 0 0 0.999998 0 0 0.348869 0 0 0 0 0 0 0 0 0.290818 0.266015 0.705188 0.999997 0 0 0 0 0 1 0.364316 0 0 0 0 0 0 0 1 0 0 0 0 0 0 0 0 0 0 0 0 0 0 0 0 0 2.04032e-07 0 0 0 0 0 0 0 0 0 0 0 0 0 0 0 0 0 0 0 0 0 0 0 0 0 0 0 0 0 0.119315 0.499443 0.109791 0.36115 0 0 0 0 
0.783608 0 0 0 0 0 0 1 0 0 0 0 0 0 0 0 0 0 0 0.259105 0.903848 0.300208 1 0 0 0 0 0 0 0 0 0 0 0 0 0 0 1 0 0 0 0 0 0 0 0 0 0 0 0 0 0 0 0 0 0 0 0 0 0 0 0 0 0 0 0 0 0 0 0 0 0 0 0 0 0 0 0 0 0 0 0 0 0 0.86613 0 0.594572 0.0849714 0 0 0.438125 0.29743 0 
0.840947 0.000153164 0.00413627 0.00232455 0.000486828 0.0186048 0.00359765 0 0 0.0015988 0.0194783 0 0.206372 7.11332e-05 0.00616402 0 0 3.13794e-05 0.00654799 0.825979 0.748752 0.227966 4.18891e-07 0.044018 0.00415813 0.0226585 0.00167258 0.00324253 4.31501e-07 0.0600664 0 0 0 0 0 0 0 4.55975e-07 0.000542965 4.26991e-05 8.76427e-05 0 0 0 8.3992e-05 0 0 0 0 0 0 0 0 0 0 0 0 0 0 0 0 0 0 0 0 0 0 0 0 0 0 0 0 0 0 0 0 0 0 0 0 0 0 1.5351e-06 0.56274 0.0188297 0.935503 0.973911 0 0.0441662 0.938316 0 0.999998 
0.880379 0.514908 0 0 0 0 0.680236 1.53764e-06 0 0 0.485781 0.470661 0 0 0 0.664495 0.708341 0 0 0.544333 0.126497 0.10563 0.999883 0.443108 0.000684768 0.0054365 0.0233768 0.661919 9.08201e-05 0.0874925 0.0445678 0 0 0 0 0 0 0.000134402 0 0 0 0 0 0 0 0 0 0.711566 0 0 0 0 0 0 0 0 0 0 0 0 0 0 0 0 0 0 0 0 0 0 0 0 0 0 0 0 0 0 0 0 0 0 0.833333 0.606935 0.105785 0.0509633 0.385404 0 0 0.22594 0.0605204 0 2.08935e-05 
0.823217 0.000116757 0.000235567 8.57202e-06 4.09928e-05 2.08546e-05 1.07905e-05 0 0 7.7485e-05 0.000200901 0.000164003 7.3339e-05 0.000679451 0.000160716 3.51888e-05 0 2.05308e-05 3.04196e-05 0.525879 0.0272625 0.734999 0 0.000398685 1.33875e-05 1.32638e-05 3.11267e-05 2.44114e-05 0 5.37665e-05 0 0 0 0 4.60536e-06 6.65589e-05 0 1 0 0 4.47918e-06 0 1.19363e-06 0 4.55974e-07 0 1.3329e-05 0 0 0 0 0 0 0 0 0 1.94726e-07 0 0 0 0 0 0 0 0 0 0 0 0 0 0 0 4.09339e-07 5.73552e-06 0 0 0 0 0 0 0 0 0 3.69853e-05 0 0.630331 0.398438 0 0 0 0 0.998222 1 
0.418163 0 0 0 3.58883e-06 0 0.0249827 1 0 0.0387989 0 1.48094e-05 0 0 1.49311e-06 0 0 1.92211e-05 3.53606e-05 0.991471 0.346638 0.158238 1 0.0158183 0 0 0.00854397 1.27082e-06 1 3.12772e-06 0 0 0 0 0 0 0 1 0 0 0 0 0 0 0 0 0 0 0 0 0 0 0 0 0 0 0 0 0 0 0 0 0 0 0 0 0 0 0 0 0 0 0 0 0 0 0 0 0 0 0 0 0 0 0.628186 0.887152 0.0811798 0 0 0 0.842985 0.883047 1 
0.646651 0 0 0 0 0 0 0 0 0 0 0 0 0 0 0 0 0 0 0.122353 0.45137 0.240213 0 0 0 0 0 0 0 0 0 0 0 0 0 0 0 1 0 0 0 0 0 0 0 0 0 0 0 0 0 0 0 0 0 0 0 0 0 0 0 0 0 0 0 0 0 0 0 0 0 0 0 0 0 0 0 0 0 0 0 0 0 0 0 0.419113 0.266823 0.457019 0.101125 0 0.271784 0.904122 0 
0.603909 0.00486444 0.10849 0.137899 0.0313013 0 0.0100684 0.999976 0.010283 0.145609 0.217471 0.0227765 0 0.0250126 0.0216899 0.0279355 0 0.0101429 0.10816 0.418533 0.180337 0.539255 0.999977 0.402417 0.067065 0.180259 0.101367 0.017115 8.57485e-06 0.216735 0 0 0 0 0 0 0 2.49376e-05 0 0 0 0 0 0 0.0120262 0 0 0 0 0 0 0 0 0 0 0.0167373 0 0 0 0 0 0 0 0 0 0 0 0 0 0 0 0 0 0 0 0 0 0 0 0 0 0 0 0 0.0255259 0.0892015 0.197048 0 0 0 0 0.481587 0.999926 
0.557445 0.00150521 0.00143564 0.154731 0.196896 5.7885e-06 0.746885 1.66222e-06 7.83124e-06 0.00776018 0.00134345 0.0115676 0.000255888 0.000258248 0.833327 1.19391e-05 0 0.668778 0.0103182 0.705334 0.0789224 0.050222 0.99953 0.462669 0.750197 0.00527758 0.211804 0.0106267 0.999356 0.0451975 0 0 0 0 0 0.00143999 0 0.99997 0 1.93194e-07 0.761493 0 0 0 0 0 0 2.37406e-06 0 0 0 0 0 0 5.73396e-07 0 0.833329 0 0 0 0 0 0 0 0 0 0 0 0 0 0 0 1.5337e-06 0 0 0 0 0 0 0 0 0 0 3.62325e-05 0.773385 0.269817 0.268352 0 0 0.535997 0.788097 0.99063 0.000164708 
0.0369755 0 0 0 0 0 0 0 0 0 0 0 0 0 0 0 0 0 0 0.342431 0.846031 0.034667 1 0 0 0 0 0 0 0 0 0 0 0 0 0 0 0 0 0 0 0 0 0 0 0 0 0 0 0 0 0 0 0 0 0 0 0 0 0 0 0 0 0 0 0 0 0 0 0 0 0 0 0 0 0 0 0 0 0 0 0 0 0 0 0.828176 0.715536 0.429376 0.89805 0 0 0.998749 0 
0.161347 0 0 1.17979e-07 0 0 0 1 0 2.21518e-07 1.03406e-07 0 0 3.9206e-07 0 2.33671e-07 1.15865e-07 0 0 0.13083 0.705293 0.243884 0 5.14022e-07 0 2.98139e-07 8.33783e-07 2.06462e-07 1 1.00102e-06 0 0 0 0 0 0 0 1 0 0 0 0 0 0 0 0 0 0 0 0 0 0 0 0 0 0 0 0 0 0 0 0 0 0 0 0 0 0 0 0 0 0 0 0 0 0 0 0 0 0 0 0 0 0 0.924201 0.828489 0.210799 0 0 0 0.612105 0 1 
0.489792 2.65552e-05 0.000451589 0.000213271 0.0001378 1.26938e-05 1.93192e-05 0 8.02956e-06 0.000752604 0.460944 0.00038324 0.000196308 0.000289638 0.000269047 0.000200972 4.89005e-05 7.63257e-05 0.000114966 0.967612 0.257763 0.198189 0.999998 0.433191 0.0133813 0.110464 0.0824946 0.000112336 5.12262e-06 0.158218 4.08671e-05 0 0 0 0 2.43687e-05 3.85723e-06 1.20608e-05 0 1.19464e-06 3.81797e-07 0 0.00517822 0 1.39513e-05 0 1.26203e-07 0.0269607 0 1.39221e-06 6.70522e-07 0 1.16296e-07 3.81961e-07 0 0 0 3.2006e-07 1.15979e-05 1.5782e-07 1.14976e-07 9.40859e-07 3.50531e-07 0 0 0 0 5.82057e-07 0.00885805 6.6894e-07 9.40865e-07 0 9.41072e-07 8.38461e-06 2.30774e-07 0 0 0.000108478 0 2.77556e-05 2.35216e-07 5.86784e-05 1.58075e-07 2.47737e-06 0 0.0884885 0.788848 0.630633 0.467381 0 0 0.615674 5.20677e-06 
0.0510526 0 0.00139875 0.00732749 0.000446974 6.92145e-05 0.0429885 1 0 0.00049782 0.00019078 8.95547e-06 0 0 0.000464035 0 0.00119615 0.00641867 0.000138853 0.0674914 0.416313 0.600569 2.32584e-07 0.000614624 6.35791e-05 0.0774281 0.067195 0.0125967 1 0.000302291 0 0 0 0 0 0 0 2.28186e-07 0.000274802 0 0 0 0.000586658 0 0 0 0 0 0 0 0 0 0 0 0 0 0 0 0.000647238 0 0 0 0 0 0 0 0 0 0 0 0 0.000289896 0 0 0 0 0 0 0 0 0 0 0 0 0.963784 0.649915 0.0769503 0.802174 0.166104 0 0 0 0 
0.278556 0.00176154 0.00873325 0.0231019 0.0175061 0.000718654 0.104156 0 0.0012355 0.0912572 0.045006 0.00662965 0.0716571 0.000340692 0.0353693 0.00130665 1.56097e-06 0.0602268 0.154393 0.0162019 0.158018 0.560429 7.34756e-07 0.140659 0.0915212 0.0668987 0.0861087 0.00523154 0.999999 0.143984 0 0 0 0 0 0 0 1 0.010847 1.89351e-05 1.33645e-06 0 1.10428e-05 4.61918e-06 1.7535e-06 0 0 0 0 5.2838e-05 0 0 0 0 0 0 0 0 8.16646e-07 0 0 0 0 0 0 0 7.57163e-06 0 0 0 0 7.81947e-07 6.10194e-07 1.92542e-06 0 0 0 0 2.03096e-06 0 0 0 0 0 0.314735 0.0167461 0.444148 0.31024 0 0.254291 0.772192 0.524678 0.999995 
0.937626 0.0147705 0.017063 0.023932 0.0108339 0.00123453 0.0196937 0.999596 0.00282724 0.00549241 0.0213557 0.00254846 0.0308648 0.00203982 0.00898786 0.00134815 3.62777e-06 0.00302363 0.649808 0.651365 0.112825 0.0614607 0.000385148 0.522965 0.043708 0.0315105 0.10521 0.0352623 0.999553 0.204039 1.40676e-05 0 0 0 0.000110412 0.00016185 0 0.99994 0.755223 0.00684233 0.00734946 0 0.0129852 7.52846e-07 0.000477473 1.12515e-07 1.1486e-06 0.000141756 0 9.1097e-07 0 0 0 0 0 0 4.72942e-07 0 0 0 0 0 0 0 0 1.27034e-05 2.34031e-06 0 0 0 0 4.95141e-06 0.000368292 8.13976e-07 0 0 0.0281819 0 7.15302e-07 0 0.00225374 0 1.97476e-06 0.614219 0 0 0.476321 0 0.186934 0.329347 0.579626 0.6144 0.998839 
0.120634 0.00221683 0.0115012 0.304517 0.00530726 0.625893 0.0374679 3.28971e-06 0.000384553 0.0143013 0.587558 0.00804065 0.00290137 0.0009383 0.00714548 0.000578362 0.000532115 0.000854475 0.0888158 0.651242 0.0193908 0.0641406 0.000326939 0.471755 0.080314 0.215062 0.102458 0.708337 0.999524 0.0672441 7.43723e-07 0 0 0 0 0 0 0.999985 0.000320881 0 1.4554e-05 0 0.000554331 2.36973e-06 5.69313e-05 0 0 4.37492e-06 0 4.55886e-05 0 0 0 0 0 0 3.43363e-05 0 3.23536e-05 0 0 0 0 0 0 0.00425753 5.81524e-05 0 0 0 0 3.4052e-07 0 0 1.28862e-05 0 0 0 1.38247e-05 0 0 0 7.3107e-05 0 0.531323 0.0210356 0.19316 0 0 0.563521 0.510279 0 0.998935 
0.12336 0 3.49544e-06 0.00247167 1.40238e-07 0 1.25813e-07 1 0 0.000851647 0.000530345 1.42028e-06 0 0.000972265 0 0.0017482 0.00113508 0 6.44219e-07 0.21187 0.744034 0.132488 1 0.00154442 0 0.00348008 0.0121675 0.00133229 0 0.0132456 0 0 0 0 0 0 0 1 0 0 0 0 0 0 0 0 0 0 0 0 0 0 0 0 0 0 0 0 0 0 0 0 0 0 0 0 0 0 0 0 0 0 0 0 0 0 0 0 0 0 0 0 0 0 0 0.43217 0.122944 0.0652501 0 0 0.833366 0.456013 0 
0.0826168 0 0 0.0125509 0 0 0 0 0 0.00451428 0.00236215 0 0 0.00258767 0 0.00521756 0.00226197 0 0 0.406971 0.0463785 0.837108 1 0.00264113 0 0.00796465 0.00680444 0.00318467 0 0.0109899 0 0 0 0 0 0 0 1 0 0 0 0 0 0 0 0 0 0 0 0 0 0 0 0 0 0 0 0 0 0 0 0 0 0 0 0 0 0 0 0 0 0 0 0 0 0 0 0 0 0 0 0 0 0 0 0.757826 0.292784 0 0.0183692 0 0.404965 0.151665 1 
0.873294 0 0.528521 0.0287318 0.0106672 0.000991151 0.0165437 0 0.00100108 0.00154492 0.00181714 0.00585086 1.09427e-05 0.000638449 0.0272227 0.00538579 0.0133452 0.00165554 0.00539044 0.796311 0.391502 0.107387 0.999974 0.538801 2.0118e-06 0.0290159 0.141989 4.56423e-05 0.999852 0.0834923 0.119826 0.00102957 0.00215942 8.19709e-05 0 0 0.00290529 0.99986 1.88531e-05 0.00518836 0.00231134 3.2885e-06 0.0133103 0.057004 0.032101 0.0162773 4.75591e-07 0.00724063 0.000934855 0.113993 4.23174e-05 0.000366498 0.0284253 4.52699e-06 0.00592447 0 0 0.000241515 0.0045959 0.00848527 0.000227786 0.000423594 0.000180948 0.000432515 9.10227e-05 0 0 0.0569606 1.26072e-07 0.000134047 0.000421735 2.77711e-06 7.35388e-06 0 0.00655955 8.52707e-07 0.000490495 5.40538e-05 6.41595e-06 0.000138865 0.000200637 8.01644e-05 0 0.0182942 0.0679287 0.776363 0.879523 0.93802 0.191899 0 0.378113 0 0.999579 
0.082948 0 0 0 0 0 0 0 0 0 0 0 0 0 0 0 0 0 0 0.057103 0.430045 0.950515 0 0 0 0 0 0 1 0 0 0 0 0 0 0 0 1 0 0 0 0 0 0 0 0 0 0 0 0 0 0 0 0 0 0 0 0 0 0 0 0 0 0 0 0 0 0 0 0 0 0 0 0 0 0 0 0 0 0 0 0 0 0 0.501554 0.152355 0.943531 0 0.49303 0 0.468229 0.0531295 1 
0.997227 0.000525885 0.00603349 0.00587309 0.00282055 9.01328e-05 0.0140567 0.999972 0.000207995 0.000335153 0.000500534 0.00121799 0.458449 0.000121882 0.0170682 0.000141167 0.000134719 0.000807139 0.00252244 0.726248 0.200059 0.179156 3.01118e-05 0.268172 0.00186775 0.0299571 0.149047 0.188991 2.12123e-05 0.277158 0.00382927 0.000995742 0.00120442 0.00075084 3.24757e-07 0.000408607 0.000838092 0.999997 0.00302129 0.0033572 0.000283268 9.14815e-05 0.000753213 0.00172201 0.00012573 4.46372e-05 0.00251647 2.54568e-05 6.52523e-05 6.25486e-05 0.000114421 1.38434e-06 3.43612e-06 3.34283e-07 2.35418e-07 0 0 3.45754e-07 1.86736e-06 0 0 2.06698e-07 1.74378e-07 0 0 0 0 2.36495e-07 0 2.28219e-07 2.06017e-07 0 0 0 1.32389e-07 0 0 0 0 0 0 0 0 0.00205792 0.719678 0.796383 0.308991 0.812552 0 0 0.807563 0 0.999876 
0.42638 0 0 0 0 0 0 1 0 0 0 0 0 0 0 0 0 0 0 0.682756 0.258616 0.642383 0 0 0 0 0 0 0 0 0 0 0 0 0 0 0 1 0 0 0 0 0 0 0 0 0 0 0 0 0 0 0 0 0 0 0 0 0 0 0 0 0 0 0 0 0 0 0 0 0 0 0 0 0 0 0 0 0 0 0 0 0 0 0.637542 0.199351 0.980682 0 0 0 0.619238 0.929043 1 
0.0369942 7.71771e-05 0.0255579 0.196532 0.0295737 0.00337963 0.284913 1.87448e-07 0.00157417 0.0391903 0.0432034 0.0671351 0.0289211 8.29357e-07 0.109156 0.0119669 0.0151015 0.0205361 0.182872 0.958291 0.128003 0.11474 9.6234e-05 0.364273 0.006701 0.254049 0.186952 0.239139 0.99987 0.154746 4.54526e-07 0 0 0 0 0 0 0.999989 0.0452872 2.15261e-06 0 0 0.00492384 5.32098e-05 1.56125e-07 0 0 0 0 1.76816e-05 0 0 0 0 0 0 0 0 0.00534056 0 0 0 0 0 0 3.29706e-07 9.51319e-06 0 0 0 0 0.00104703 0 0 5.27919e-06 0 2.32205e-07 0 3.1925e-07 0 0 0 0 0 0.846099 0.142198 0.209342 0.34538 0 0 0.630666 0 5.15772e-06 
0.859813 0 0 0 0 0 0 1 0 0 0 0 0 0 0 0 0 0 0 0.804391 0.243865 0.601284 1 0 1.16929e-06 3.14406e-07 4.21177e-06 0 0 5.3476e-06 0 0 0 0 0 0 0 0 0 0 0 0 0 0 0 0 0 0 0 0 0 0 0 0 0 0 0 0 0 0 0 0 0 0 0 0 0 0 0 0 0 0 0 0 0 0 0 0 0 0 0 0 0 0 0.835953 0.369093 0.804163 0 0 0 0.433358 0 1 
0.903487 0.0150923 0.0765136 0.419742 0.148115 0.00234397 0.0704165 0 0.000253679 0.00159527 0.0138483 0.0223899 0.000210718 2.56012e-05 0.24855 0.0172937 0.0193132 0.00158334 0.052199 0.608841 0.391179 0.0509531 0.999803 0.3734 3.39199e-06 0.0390305 0.305977 7.46686e-05 0.000253857 0.0951685 0.0438755 7.14531e-07 3.28922e-06 0 0 0 0.00188748 0.000395777 1.38289e-06 0.000769971 1.06801e-05 0 0.0956166 0.0101338 0.0784007 0.000213966 0 0.000172764 6.42846e-07 0.0174454 5.50203e-07 0.000134436 0.000492273 0 0.0520151 0 0 1.4241e-05 0.0145609 1.81992e-05 0 0.000335265 0.000246345 0 0 0.00032423 0 0.00112712 0 0.000161808 0.000300645 3.81309e-07 4.47372e-07 0 1.36849e-05 0 0.00741665 0 0 0 0.00110486 0 0 0.170657 0 0.941122 0.940972 0.394604 0 0.838332 0 0.0088894 8.64481e-05 
0.699576 0.0127575 0.0518615 0.0524509 0.0144867 0 0.00469091 0 0.00576013 0.0771104 0.0819726 0.00944625 0 0.00901041 0.010102 0.0146585 0 0.00490071 0.0605237 0.161075 0.682267 0.60752 0.999999 0.112046 0.0281295 0.0573646 0.0240879 0.00943475 2.10259e-07 0.0725946 0 0 0 0 0 0 0 6.43199e-07 0 0 0 0 0 0 0.00466623 0 0 0 0 0 0 0 0 0 0 0.00542148 0 0 0 0 0 0 0 0 0 0 0 0 0 0 0 0 0 0 0 0 0 0 0 0 0 0 0 0 0 0 0.132577 0 0 0 0.967828 0.30581 1.29412e-07 
0.585944 0 0 0 0 0 0 0 0 0 0 0 0 0 0 0 0 0 0 0.824034 0.204451 0.401167 0 0 0 0 0 0 1 0 0 0 0 0 0 0 0 1 0 0 0 0 0 0 0 0 0 0 0 0 0 0 0 0 0 0 0 0 0 0 0 0 0 0 0 0 0 0 0 0 0 0 0 0 0 0 0 0 0 0 0 0 0 0 0.123723 0 0.188108 0.44047 0.668782 0 0.323739 0 0 
0.26729 1.05304e-06 1.00478e-05 0.000372887 2.72313e-06 0 5.11757e-05 1 5.60745e-07 2.29308e-06 4.80017e-05 1.53567e-05 0 0 1.86073e-06 0 1.18922e-06 7.44564e-05 4.56112e-06 0.454021 0.116408 0.13218 1 2.35332e-05 0.000452557 0.000582289 0.000266542 0.00172146 1 1.72882e-05 0 0 0 0 0 0 0 0 1.28148e-06 0 0 0 6.05103e-07 0 0 0 0 0.000373573 0 0 0 0 0 0 0 0 0 0 6.48131e-07 0 0 0 0 0 0 0 0 0 0 0 0 5.90182e-07 0 0 0 0 0 0 0 0 0 0 0 0 0.3597 0.458665 0.215766 0.730687 0.566052 0 0.0995827 0.738911 1 
0.32669 0 0 0 0 0 0 1 0 0 0 0 0 0 0 0 0 0 0 0.206582 0.662196 0.482645 0 0 0 0 0 0 1 0 0 0 0 0 0 0 0 1 0 0 0 0 0 0 0 0 0 0 0 0 0 0 0 0 0 0 0 0 0 0 0 0 0 0 0 0 0 0 0 0 0 0 0 0 0 0 0 0 0 0 0 0 0 0 0.193433 0.725162 0.445814 0.841414 0.527353 0 0 0.718412 1 
0.0257716 0 0 6.00131e-05 0 0 0 1 0 4.62573e-07 6.37851e-07 0 0 0 0 4.71722e-07 2.31718e-07 0 0 0.980181 0.119139 0.714457 1 3.05449e-05 0 2.74741e-06 3.49783e-06 3.94474e-07 0 3.94593e-06 0 0 0 0 0 0 0 1 0 0 0 0 0 0 0 0 0 0 0 0 0 0 0 0 0 0 0 0 0 0 0 0 0 0 0 0 0 0 0 0 0 0 0 0 0 0 0 0 0 0 0 0 0 0 0 0.682507 0.432191 0 0.473202 0 0.889608 0 1 
0.0128006 0.000115755 0.304005 0.0308616 0.00444025 0.000152444 0.0103542 0.999777 0.00912342 0.0782052 0.20048 0.0341724 0.00405827 4.59964e-05 0.166431 0.00576622 0.0368262 0.0010538 0.247676 0.597126 0.144493 0.0821122 0.000203837 0.511914 0.0435123 0.188728 0.168885 0.0294707 9.90724e-06 0.071845 5.73552e-05 0 0 0 0 0 0 0.99995 0.0917876 7.40663e-06 0 0 0.075531 0 1.92159e-05 0 4.09962e-07 3.43863e-07 0 4.86355e-05 0 0 1.55499e-07 0 0 0 0 0 0.00813373 6.11687e-07 0 0 0 6.66597e-07 0 0 6.56309e-07 0.000201492 0 0 0 0.000214357 4.19489e-05 0 9.5052e-06 0 0.000238959 0 1.25491e-05 0 3.23161e-07 0 0 1.74932e-06 0 0.0551394 0.459288 0.98738 0 0 0.863013 0.735376 0.99924 
0.126057 0.00233604 0.0162879 0.00807936 0.00672932 0.0132208 0.0070976 1 0.00473835 0.00380601 0.0164339 0.012639 0 9.17274e-05 0.00334184 0.000534174 0.000257305 5.18819e-07 0.0110019 0.854857 0.359156 0.50325 2.18438e-07 0.0316774 0.000263165 0.0329335 0.0153433 0.0135017 1 0.010307 0 0 0 0 0 0 0 1 0.000580656 0 0 0 0.000106608 0 0 0 0 0 0 0 0 0 0 0 0 0 0 0 0.000110846 0 0 0 0 0 0 0 0 0 0 0 0 0.000146214 0 0 0 0 0 0 0 0 0 0 0 0 0 0.451816 0.96931 0 0 0 0.461026 0.262516 0 
0.368324 0 0 0 0 0 0 0 0 0 0 0 0 0 0 0 0 0 0 0.749711 0.781681 0.970289 0 0 0 0 0 0 1 0 0 0 0 0 0 0 0 0 0 0 0 0 0 0 0 0 0 0 0 0 0 0 0 0 0 0 0 0 0 0 0 0 0 0 0 0 0 0 0 0 0 0 0 0 0 0 0 0 0 0 0 0 0 0 0 0.118989 0.334433 0 0.750641 0 0.608868 0.980446 0 
0.0818138 0 0 0 0 0 0 1 0 0 0 0 0 0 0 0 0 0 0 0.882251 0.283923 0.404349 1 0 0 0 0 0 0 0 0 0 0 0 0 0 0 1 0 0 0 0 0 0 0 0 0 0 0 0 0 0 0 0 0 0 0 0 0 0 0 0 0 0 0 0 0 0 0 0 0 0 0 0 0 0 0 0 0 0 0 0 0 0 0.722318 0.694724 0.487532 0 0.880047 0 0.357137 0 1 
0.940056 0.00903482 0.0471709 0.0109473 0.0013991 4.73062e-05 0.164956 0.999742 0 0.0413281 0.0220373 0.469541 0.00112862 0.000102564 0.00064277 0 0 0.00975798 0.0612233 0.713278 0.0840667 0.0779995 0.000168474 0.534245 0.00482766 0.104808 0.1112 0.00719759 0.000118658 0.12636 1.19612e-05 0 0 0 1.96363e-05 0.76401 0 0.000252803 1.58941e-06 1.51704e-06 2.16416e-06 0 1.25732e-06 2.18564e-07 0 0 4.67639e-07 1.51395e-05 0 0 0 0 0 0 0 0 0.653133 0 0 0 0 0.00021008 0 0 0 0 0 0 0 0 0.000168785 0 0 0 0 0 0 0 0 0 0 0 0 0.000179756 0.593738 0.9341 0.136508 0 0.0883771 0 0.582452 0.432835 0.999838 
0.456677 0.0129338 0.0404399 0.276726 0.614399 0.00356937 0.0788109 0.99935 0.0034101 0.0130822 0.0159995 0.00302234 0.0179029 0.000242041 0.606972 3.41129e-05 2.89161e-05 0.00257542 0.0482007 0.668598 0.0668528 0.0511504 0.000537851 0.476863 0.0124302 0.0400373 0.256849 0.0174902 0.000155575 0.211187 3.2144e-05 0 0 0 0 0 0 0.000565945 6.3596e-05 0.000766662 0.0153417 0 0.701125 0.560062 0.691628 0 0 1.37664e-06 0 0.707999 0 0 0 7.75119e-07 8.4801e-05 0 0 0 0 0 0 0 0 0 0 0.00127979 0.833329 0 0 0 0 0.58042 0 0 0.583665 0 0 0 0.650832 0 0 0 1.52263e-05 0.000792518 0 0 0.150753 0 0.673621 0 0.980877 0 3.12886e-05 
0.0268807 0 0 0 0 0 0 0 0 1.10759e-07 0 0 0 3.74502e-07 0 1.15819e-07 0 0 0 0.245119 0.966515 0.977779 0 0 0 1.10373e-07 0 2.51471e-07 1 1.08181e-07 0 0 0 0 0 0 0 0 0 0 0 0 0 0 0 0 0 0 0 0 0 0 0 0 0 0 0 0 0 0 0 0 0 0 0 0 0 0 0 0 0 0 0 0 0 0 0 0 0 0 0 0 0 0 0.372009 0.803476 0.375313 0.520202 0 0 0.728386 0 1 
0.982049 0 0 0 0 0 0 1 0 0 0 0 0 0 0 0 0 0 0 0.416231 0.674592 0.788032 1 0 0 0 0 0 1 0 0 0 0 0 0 0 0 0 0 0 0 0 0 0 0 0 0 0 0 0 0 0 0 0 0 0 0 0 0 0 0 0 0 0 0 0 0 0 0 0 0 0 0 0 0 0 0 0 0 0 0 0 0 0 0.972987 0 0.0827796 0.832538 0.0120011 0 0 0 1 
0.921461 0.483494 0 0 0.833333 0 0 0 0 0 0 0 0 0 0.525063 0 0.833333 0 0 0.6144 0.33504 0.138113 6.05284e-05 0.833323 3.45732e-06 0.833332 0.00456791 0.159919 0.999959 0.74603 0.763958 0 0 0 0 0 0 4.21673e-05 0.833333 0 0 0 0 0 0 0 0 0 0 0.833333 0.833333 0 0 0.833333 0 0 0 0 0.833333 0 0 0 0 0 0 0 0 0 0 0 0 0 0 0 0.764035 0 0 0 0 0 0 0 0 0 0.199656 0.937755 0.803578 0.581577 0.988514 0.951417 0.160826 0 5.94839e-06 
0.789195 0 0 0 0 0 0 0 0 0 0 0 0 0 0 0 0 0 0 0.808979 0.920448 0.741986 0 0 0 0 0 0 0 0 0 0 0 0 0 0 0 0 0 0 0 0 0 0 0 0 0 0 0 0 0 0 0 0 0 0 0 0 0 0 0 0 0 0 0 0 0 0 0 0 0 0 0 0 0 0 0 0 0 0 0 0 0 0 0 0.312524 0.504946 0.11556 0 0 0.968558 0.715005 0 
0.370923 0 0 0 0 0 0 1 0 0 0 0 0 0 0 0 0 0 0 0.495886 0.30012 0.859036 1 0 0 0 0 0 1 0 0 0 0 0 0 0 0 0 0 0 0 0 0 0 0 0 0 0 0 0 0 0 0 0 0 0 0 0 0 0 0 0 0 0 0 0 0 0 0 0 0 0 0 0 0 0 0 0 0 0 0 0 0 0 0.81801 0.715718 0.980874 0.630884 0.383227 0 0.124623 0 1 
0.408393 0 0 0 0 0 0 1 0 0 0 0 0 0 0 0 0 0 0 0.653666 0.176881 0.809553 1 0 0 0 0 0 0 0 0 0 0 0 0 0 0 0 0 0 0 0 0 0 0 0 0 0 0 0 0 0 0 0 0 0 0 0 0 0 0 0 0 0 0 0 0 0 0 0 0 0 0 0 0 0 0 0 0 0 0 0 0 0 0 0.836453 0.871721 0.846228 0 0 0.206432 0.19943 1 
0.132337 0.000335921 0.0192851 0.0123823 0.00542901 0.0513485 0.159366 0.999999 0.000324981 0.00402736 0.003783 0.0117617 0 0 0.00387569 9.82241e-06 0.00901525 0.014327 0.00442155 0.553652 0.0994206 0.19483 0.999999 0.0970591 2.09447e-05 0.211861 0.253921 0.0270346 0.999998 0.0127309 0 0 0 0 0 0 0 1.65838e-06 0.00551574 0 0 0 0.00167623 0 0 0 0 0 0 0 0 0 0 0 0 0 0 0 0.00449916 0 0 0 0 0 0 0 0 0 0 0 0 0.00264868 0 0 0 0 0 0 0 0 0 0 0 0 0.738195 0.703383 0.169404 0.603514 0 0 0 0.246875 0.999994 
0.450653 0.0109043 0.0817154 0.0344471 0.0593985 1.03145e-05 0.032806 3.06629e-06 1.79243e-05 0.0615053 0.296722 0.231986 0.000857123 1.42741e-05 0.00066498 0 0 0.0077979 0.512574 0.687934 0.0206513 0.0557255 0.999616 0.449545 0.0163713 0.173075 0.11437 0.00707798 0.000267438 0.0989281 0 0 0 0 0 0.000125614 0 0.999975 0 0 6.4541e-06 0 0.000315929 0 0 0 0 4.45478e-07 0 0 0 0 0 0 0 0 0.0770915 0 0 0 0 0 0 0 0 0 0 0 0 0 0 0 0 0 0 0 0.00223104 0 0 0 6.1032e-06 0 0 8.74684e-06 0.582159 0.79825 0.154525 0 0.388155 0 0.820071 0.565007 0.000169614 
0.892622 0.00449288 0.0451264 0.159662 0.0535735 0.00355216 0.50122 0 0.00167174 0.00488342 0.00417512 0.0243842 0.00472558 0.00225011 0.0727306 0.0109688 0.0247616 0.00765662 0.0159504 0.624058 0.316607 0.103455 0.999898 0.322599 8.34978e-05 0.0318458 0.269545 0.0261714 0.999854 0.228417 0.0182216 0.000368089 0.000615861 2.43814e-05 0 0.00712922 0.0043085 0.999943 0.00017413 0.00185873 0.000787635 3.47525e-05 0.0327856 0.00559077 0.0196581 0.00109922 0 0.000885342 0.000177965 0.00768804 0.000178748 0.000503076 0.000675033 1.96276e-05 0.00918885 0 1.27039e-06 0.000430561 0.00975066 0.000302323 1.9716e-05 0.00177303 0.000972471 2.56179e-05 4.19156e-06 9.32677e-07 0 0.0014295 1.1254e-05 0.000904732 0.00171258 2.48918e-05 0 0 0.000187841 4.39158e-05 0.00151692 7.86294e-05 0 9.53083e-05 0.0016725 0.000115044 0 0.0852127 0.684686 0.974197 0.78797 0.637531 0 0.599751 0.0694436 0.0438986 0.999392 
0.73369 0.000112158 0.000800318 0.000899448 0.000211796 0 6.61963e-05 1 0.000155762 0.00160969 0.00148424 0.0001276 0 0.000131714 0.000156951 0.000156586 0 0.000151373 0.00130697 0.432926 0.131368 0.324327 1.92391e-07 0.00152598 0.0375066 0.0279896 0.0569164 0.000213693 1.71864e-07 0.0936244 0 0 0 0 0 0 0 1 0 0 0 0 0 0 3.85173e-05 0 0 0 0 0 0 0 0 0 0 9.18255e-05 0 0 0 0 0 0 0 0 0 0 0 0 0 0 0 0 0 0 0 0 0 0 0 0 0 0 0 0 0.149548 0.50845 0.71691 0.593027 0 0 0.185275 0 0.999999 
0.81213 7.24215e-06 0.000133898 0.000207532 6.26728e-06 0 9.23056e-06 0 4.523e-06 0.000146654 0.000151954 6.64546e-06 0 1.26904e-05 0.000195645 1.08901e-05 0 2.14931e-05 0.000269435 0.728899 0.922442 0.899896 1 0.000285887 3.17311e-05 0.00010882 2.38846e-05 1.07431e-05 0 3.80526e-05 0 0 0 0 0 0 0 0 0 0 0 0 0 0 2.98901e-06 0 0 0 0 0 0 0 0 0 0 8.58755e-07 0 0 0 0 0 0 0 0 0 0 0 0 0 0 0 0 0 0 0 0 0 0 0 0 0 0 0 0 0 0 0.826225 0 0 0 0.149448 0.800116 0 
0.507471 0 0 0 0 0 2.58428e-07 0 0 0 0 0 1.34084e-06 0 0 0 0 0 0 0.947838 0.160284 0.601274 0 0 0 0 2.37993e-07 0 1 0 0 0 0 0 0 0 0 0 0 0 0 0 0 0 0 0 0 0 0 0 0 0 0 0 0 0 0 0 0 0 0 0 0 0 0 0 0 0 0 0 0 0 0 0 0 0 0 0 0 0 0 0 0 0 0.685512 0.584937 0.35145 0.420957 0 0 0.720426 0 1 
0.912958 0 0 0 0 0 0 0 0 0 0 0 0 0 0 0 0 0 7.65311e-06 0.63439 0.627078 0.596157 0 0 0 0 0 0 1 0 0 0 0 0 0 0 0 0 0 0 0 0 0 0 0 0 0 0 0 0 0 0 0 0 0 0 0 0 0 0 0 0 0 0 0 0 0 0 0 0 0 0 0 0 0 0 0 0 0 0 0 0 0 0 0.198492 0.0540554 0.86127 0 0.414966 0 0.838859 0 1 
0.326239 0 0 0 0 0 0 1 0 0 0 0 0 0 0 0 0 0 0 0.213539 0.91569 0.540662 0 0 0 0 0 0 0 0 0 0 0 0 0 0 0 1 0 0 0 0 0 0 0 0 0 0 0 0 0 0 0 0 0 0 0 0 0 0 0 0 0 0 0 0 0 0 0 0 0 0 0 0 0 0 0 0 0 0 0 0 0 0 0.524932 0.382067 0.368664 0 0 0 0 0.214438 0 
0.280088 0.00140451 0.0063704 0.00506745 0.00181499 0 0.000282249 0 0.00134475 0.0147965 0.0174932 0.00242811 0 0.0213732 0.000665381 0.0105108 0.00438823 0.000326082 0.00325302 0.29253 0.607868 0.609549 0 0.0175091 0.00100396 0.0163746 0.0032289 0.0139295 0 0.0132918 0 0 0 0 0 0 0 1.17445e-07 0 0 0 0 0 0 0.000197578 0 0 0 0 0 0 0 0 0 0 0.000583976 0 0 0 0 0 0 0 0 0 0 0 0 0 0 0 0 0 0 0 0 0 0 0 0 0 0 0 0 0 0.818214 0.416187 0 0 0 0.747158 0.264594 0 
0.605085 0.00155027 0.00296776 0.00794608 0.00560993 0.662303 0.833314 3.90659e-06 0.760157 0.0539756 0.0609693 0.000170936 0.833323 8.1772e-07 0.203502 0.700634 1.76439e-07 0.824983 0.23696 0.667528 0.0700464 0.0334883 0.00104254 0.395392 0.145239 0.0617841 0.144382 0.136827 0.000608341 0.165971 0 0 0 0 0 0 0 0.999926 0 0 0.660828 0 9.66326e-07 0 3.64633e-07 0 0 0 0 0 0 1.65675e-06 0 0 1.10412e-05 0 0 2.37688e-07 1.54491e-07 0 0 0 0 0 0 0 0 0 0 0 0 0.833323 0 0 0 0 0 0 0.833325 0 0 0 0 0.000228275 0.579022 0 0.212358 0.918347 0.115705 0 0.878602 0.751217 0.000107215 
0.161783 6.93748e-06 2.91769e-05 1.12379e-05 5.14263e-06 0 1.6005e-06 1 0 2.27147e-05 0.000207665 0.000108781 0 1.10727e-06 4.65099e-06 9.65963e-07 4.75549e-07 0 8.64139e-06 0.661651 0.0220713 0.731947 1 0.000127785 9.3558e-07 3.81523e-05 6.90125e-05 2.2401e-05 0 0.000286113 0 0 0 0 0 0 0 1 0 0 0 0 0 0 0 0 0 0 0 0 0 0 0 0 0 0 0 0 0 0 0 0 0 0 0 0 0 0 0 0 0 0 0 0 0 0 0 0 0 0 0 0 0 0 0.0389548 0.348035 0.922392 0 0.0382224 0 0 0.861251 0 
0.603764 0 0 0 0 0 0 0 0 0 0 0 0 0 0 0 0 0 0 0.801167 0.0390969 0.575216 0 0 0 0 0 0 0 0 0 0 0 0 0 0 0 1 0 0 0 0 0 0 0 0 0 0 0 0 0 0 0 0 0 0 0 0 0 0 0 0 0 0 0 0 0 0 0 0 0 0 0 0 0 0 0 0 0 0 0 0 0 0 0 0.555599 0.0726697 0.740394 0 0 0.126951 0.818338 1 
0.000702819 0 0.000276406 0.000564148 6.41246e-05 1.77778e-05 0.0134146 0 0 9.18729e-06 1.36566e-06 5.51165e-07 0 0 2.41987e-05 0 3.0207e-05 0.000626993 3.75743e-05 0.488185 0.630976 0.208278 1 8.16236e-05 2.912e-07 0.000413627 0.0113655 0.00106837 0 4.28023e-05 0 0 0 0 0 0 0 1 8.58675e-05 0 0 0 1.95981e-05 0 0 0 0 0 0 0 0 0 0 0 0 0 0 0 1.62928e-05 0 0 0 0 0 0 0 0 0 0 0 0 2.518e-05 0 0 0 0 0 0 0 0 0 0 0 0 0.974046 0.798286 0.916183 0.859218 0 0 0 0 0 
0.679922 0 0 0 0 0 0 0 0 0 0 0 0 0 0 0 0 0 0 0.0833721 0.225767 0.0249891 0 0 0 0 0 0 0 0 0 0 0 0 0 0 0 0 0 0 0 0 0 0 0 0 0 0 0 0 0 0 0 0 0 0 0 0 0 0 0 0 0 0 0 0 0 0 0 0 0 0 0 0 0 0 0 0 0 0 0 0 0 0 0.0693219 0.393944 0.343365 0 0.152585 0 0 0.89145 1 
0.706403 0.00494768 0.130361 0.110769 0.0378775 0 0.01272 0.999997 0.00334511 0.0898045 0.0917364 0.0248893 0 0.0106263 0.0104133 0.0175273 0 0.00691913 0.0548556 0.228211 0.829564 0.28949 0.999997 0.21522 0.100607 0.172069 0.151893 0.00659764 0.999996 0.252519 0 0 0 0 0 0 0 1 0 0 0 0 0 0 0.011489 0 0 0 0 0 0 0 0 0 0 0.00503801 0 0 0 0 0 0 0 0 0 0 0 0 0 0 0 0 0 0 0 0 0 0 0 0 0 0 0 0 0 0.211919 0.420226 0.797436 0 0 0.0725331 0 0.999989 
0.487086 0 0 0 0 0 0 0 0 0 7.51973e-07 0 0 0 0 0 0 0 0 0.877365 0.470777 0.889822 0 0 0 0 0 0 0 6.64381e-07 0 0 0 0 0 0 0 0 0 0 0 0 0 0 0 0 0 0 0 0 0 0 0 0 0 0 0 0 0 0 0 0 0 0 0 0 0 0 0 0 0 0 0 0 0 0 0 0 0 0 0 0 0 0 9.92685e-05 0.187995 0.153428 0 0.517008 0 0.499341 0.326532 0 
0.100902 0.0147289 0.050785 0.00300074 0.0121349 2.87139e-06 0.00169485 9.66928e-07 0.00225302 0.20428 0.329974 0.33081 1.79547e-05 3.01093e-05 0.0495143 0.000528938 0.000244573 2.93999e-05 0.0382304 0.769046 0.12743 0.861906 0.999995 0.539767 0.00450121 0.0421529 0.0429071 0.165008 1.51895e-06 0.134758 0 0 0 0 0 2.52533e-07 0 5.33002e-05 0.00105811 0 3.62286e-06 0 0.00061931 0 8.93165e-07 0 0 0 0 0 0 0 0 0 0 0 0 0 9.97491e-05 0 0 0 0 0 0 0 0 0 0 0 0 0.000324056 2.45586e-06 6.47795e-05 0 0 0 0 0 0 0 0 0 0 0 0.10273 0.966445 0 0.152373 0 0.141943 0.774288 0.999984 
0.00158543 0 1.18795e-06 0.24196 0 0.000126044 0.000108106 3.31526e-07 1.59005e-06 0.092016 0.153802 9.02631e-07 0 0.269328 2.33495e-07 0.102412 0.0444541 0 2.18412e-06 0.181864 0.321351 0.852056 0.999995 0.333755 2.25138e-05 0.206852 0.151639 0.199241 0 0.306464 0 0 0 0 0 0 0 1 0 0 0 0 0 0 4.43422e-07 0 0 0 0 0 0 0 0 0 0 1.06089e-05 0 0 0 0 0 0 0 0 0 0 0 0 0 0 0 0 0 0 0 0 0 0 0 0 0 0 0 0 0 0.740905 0.884997 0 0 0 0.70504 0.377329 7.98231e-07 
0.882822 1.09375e-07 1.521e-07 5.90215e-07 4.53723e-07 0 0.00013669 0 0 0.000112508 0 0 0 1.93872e-06 0 0 0 0 0 0.217488 0.964172 0.371943 1 3.92836e-05 0 0 0 0 1 0 1.28772e-06 0 1.53472e-07 0 0 0 0 0 0 0 0 0 0 0 0 0 0 0 0 0 0 0 0 0 0 0 0 0 0 0 0 0 0 0 0 0 0 0 0 0 0 0 0 0 0 0 0 0 0 0 0 0 0 1.70187e-07 0.279774 0.811361 0.997033 0.668548 0 0 0.105318 0.401665 0 
0.75687 0 0 0 0 0 0 1 0 0 0 0 0 0 0 0 0 0 0 0.230323 0.415299 0.982864 0 0 0 0 0 0 0 0 0 0 0 0 0 0 0 0 0 0 0 0 0 0 0 0 0 0 0 0 0 0 0 0 0 0 0 0 0 0 0 0 0 0 0 0 0 0 0 0 0 0 0 0 0 0 0 0 0 0 0 0 0 0 0 0.758274 0.138774 0.665578 0.457655 0 0.0803173 0.767349 1 
0.969906 5.06165e-06 0.000359697 4.63595e-06 3.78967e-05 0.000169384 0.00579147 0 0 0.00482891 5.94109e-05 8.80041e-05 3.02066e-05 7.62264e-06 2.01115e-05 4.61917e-07 0 6.4629e-06 1.86562e-05 0.131929 0.794009 0.994704 0 0.0021047 5.81411e-07 1.08752e-06 2.45887e-06 1.24131e-05 1 2.13861e-05 0 0 0 0 0.000215197 0.00025736 0 0 0 0 1.75399e-06 0 1.76334e-07 0 1.80139e-07 0 1.19545e-06 0 0 0 0 0 0 0 0 0 0 0 0 0 0 0 0 0 0 0 0 0 0 0 0 0 0 0 0 0 0 0 0 0 0 0 0 9.60241e-05 0.578628 0.671848 0.411858 0 0 0.402008 0 0.907561 1 
0.330704 0 0 0 0 0 0 0 0 0 0 0 0 0 0 0 0 0 0 0.677759 0.809201 0.0634363 1 0 0 0 0 0 1 0 0 0 0 0 0 0 0 0 0 0 0 0 0 0 0 0 0 0 0 0 0 0 0 0 0 0 0 0 0 0 0 0 0 0 0 0 0 0 0 0 0 0 0 0 0 0 0 0 0 0 0 0 0 0 0 0 0.953171 0.930324 0 0 0 0.874276 0 
0.103074 0.00098314 0.430539 0.129151 0.0108177 0.00290019 0.0471823 0.999913 0.00371397 0.0650351 0.0502354 0.0720975 0.000723129 7.31891e-05 0.0153377 0.00339006 0.00762729 0.00114189 0.0653359 0.165896 0.183027 0.132461 0.999974 0.488929 0.00205393 0.141184 0.202006 0.0804571 4.10667e-06 0.0959277 0.000221903 0 0 0 0 0 0 0.999989 0.00339221 6.22871e-06 1.74478e-06 0 0.0523473 3.15646e-05 0.00282997 0 1.94146e-07 0.00027045 0 0.00061244 0 0 2.20656e-06 0 0 0 2.26712e-06 0 0.00200837 6.10823e-07 3.10886e-07 0 0 8.95759e-06 1.67247e-07 5.24823e-05 0.000317939 6.61614e-05 0 0 0 0.000230998 0.00591596 0 7.19297e-06 0 0 1.29134e-07 0.00279758 5.18566e-07 0 5.74549e-07 0 0 0.20943 0.016251 0.529954 0 0 0 0.778719 0.129865 0.999812 
0.150413 0 0 0 0 0 0 1 0 0 0 0 0 0 0 0 0 0 0 0.349317 0.650084 0.576636 0 0 0 0 0 0 0 0 0 0 0 0 0 0 0 1 0 0 0 0 0 0 0 0 0 0 0 0 0 0 0 0 0 0 0 0 0 0 0 0 0 0 0 0 0 0 0 0 0 0 0 0 0 0 0 0 0 0 0 0 0 0 0.404807 0.62131 0.947447 0.466741 0 0 0.81464 0.795022 1 
0.159706 0 0 0.0132399 0 0 0 0 0 0.000130907 0.130637 0 0 0.00718715 0 0.000202902 0.000130751 0 0 0.0842935 0.386237 0.546751 1 0.00426491 0 0.0106435 0.0015913 0.00209157 1 0.13301 0 0 0 0 0 0 0 1 0 0 0 0 0 0 0 0 0 0 0 0 0 0 0 0 0 0 0 0 0 0 0 0 0 0 0 0 0 0 0 0 0 0 0 0 0 0 0 0 0 0 0 0 0 0 0.111243 0.201521 0.759628 0.339305 0 0 0 0 0 
0.296364 0.000193392 0.000140105 0.00280632 0.000127706 0.000534133 0.00599422 0 2.29708e-05 0.00082955 0.00130306 0.000232385 0.00707989 0.00203797 0.00447842 3.89536e-06 5.70601e-07 0.00084762 0.000221709 0.474142 0.159116 0.173288 0 0.00231442 9.43537e-05 0.00195288 0.00559716 0.00475325 0 0.000327597 0 0 0 0 0 0 0 1 5.77184e-07 0 6.96044e-06 0 3.14856e-07 0 0 0 0 1.28534e-07 0 0 0 0 0 0 0 0 1.2318e-06 0 2.98565e-07 0 0 0 0 0 0 0 0 0 0 0 0 2.92963e-07 0 0 0 0 0 0 0 0 0 0 0 0 0.601834 0.0940618 0.644199 0.0389571 0.083693 0 0.480701 0.16295 0 
0.498324 0.000104994 0.177282 0.0172345 0.0785453 7.54681e-05 0.0127115 2.5872e-06 0.00174469 0.024208 0.106573 0.493464 0.0328896 0.0350172 0.0232912 0.0171314 0.000296684 0.0121546 0.0102814 0.69027 0.15997 0.0647014 0.000393814 0.569828 0.00714934 0.0474381 0.100714 0.13263 0.999571 0.105956 0.000160487 0 0 0 0 1.07191e-07 1.15434e-05 0.000358027 0 1.95039e-07 5.34481e-06 0 0.000776826 7.24518e-06 0.00040087 1.54868e-07 1.37649e-07 9.70905e-07 0 8.41466e-05 0 0 8.68751e-06 0 6.52745e-06 0 0.019725 0 5.47948e-05 1.94882e-07 0 0.00323483 0 0 0 1.82839e-05 0 0.000457503 0 0 0.00267504 0 0.0018342 9.08682e-06 1.06773e-06 0 5.71384e-07 0 0 0 2.97987e-07 0 0.000108041 0.00167508 0 0.0198446 0.736691 0 0.147057 0.327097 0 0.281794 0.999609 
0.716114 0 0 0 0.000625338 0 0.0704398 1 0 0 0 0.000457028 0.00188629 0 0.000206751 0 0 0.00041806 0.000829993 0.613441 0.682907 0.444061 1 0.000253925 1.16798e-06 3.95722e-07 0.0622059 0.000173429 1 0.00014407 0 0 0 0 0 0 0 0 0 0 0 0 0 0 0 0 0 5.30497e-07 0 0 0 0 0 0 0 0 0 0 0 0 0 0 0 0 0 0 0 0 0 0 0 0 0 0 0 0 0 0 0 0 0 0 0 0 0.886165 0.282618 0.559325 0 0 0.248332 0.676697 0.656825 0 
0.509189 0.00953538 0.000572085 0.000194677 0.00423355 0.000175998 0.00387684 0 1.7947e-07 0.324541 0.000403532 0 1.50928e-05 0 1.98419e-05 8.3058e-07 3.27437e-06 0.000573484 0.00392614 0.431328 0.395837 0.390811 6.82594e-07 0.0281985 0.275065 0.00146974 0.00363365 0.010888 5.99277e-07 0.00783284 0 0 0 0 0 0 0 1.39006e-06 0 0.0010086 0 0 1.57638e-06 0 0 0 0 0 0 0 0 0 0 0 0 0 0 0 0 0 0 0 0 0 0 7.57689e-06 0 0 0 0 0 0 0 0 2.95299e-06 0 0 0 0 0 0 0 0 1.12323e-07 0 0 0.307742 0.770965 0 0.379311 0.340941 0 0 
0.853741 6.31241e-05 0.000280674 0.000140323 9.13424e-05 3.86713e-06 7.06795e-05 1 3.54327e-05 8.11785e-06 8.33574e-07 2.45919e-05 0.000395663 5.08089e-07 0.000157843 4.83444e-06 2.40032e-05 1.38508e-05 5.45239e-05 0.736648 0.745536 0.174328 4.98999e-07 0.152815 0.00271147 0.0359701 0.0557791 0.0300265 3.10146e-07 0.171697 0.000217369 8.11869e-05 2.16427e-05 5.59527e-05 0 0 0.00010949 8.13672e-07 0.00368882 0.00298928 9.47135e-06 1.76421e-05 3.32166e-05 0.00503251 2.51818e-06 6.24546e-06 0.0261919 2.27025e-06 5.72633e-06 2.02947e-06 5.91609e-06 3.96883e-07 3.25014e-07 6.05667e-07 0 0 0 3.53833e-07 2.50893e-06 3.63111e-07 3.44817e-07 2.1469e-07 0 0 3.65466e-07 0 0 3.31658e-07 0 2.5441e-07 1.57829e-07 0 0 0 4.82631e-07 0 0 0 0 0 0 0 0 5.11421e-05 0.227532 0.341712 0.179477 0.970903 0 0 0.0327903 0.449804 1.02957e-07 
0.427216 0 0 0 0 0 0 1 0 0 0 0 0 0 0 0 0 0 0 0.0881229 0.0395503 0.604615 1 0 0 0 0 0 1 0 0 0 0 0 0 0 0 1 0 0 0 0 0 0 0 0 0 0 0 0 0 0 0 0 0 0 0 0 0 0 0 0 0 0 0 0 0 0 0 0 0 0 0 0 0 0 0 0 0 0 0 0 0 0 0.822666 0.996745 0.0734003 0 0.848851 0 0 0.606602 0 
0.95562 0.739235 0 0 0 0 0 0.999822 0 0 0 0.83333 0 0 0 0 0 0 0 0.664906 0.141301 0.094334 0.99989 0.468421 0.000142496 0.00908897 0.0128369 0.0460621 0.999863 0.0401185 0.702608 0 0 0 0 0 0 0.000154448 0 0 0 0 0 0 0 0 0 0 0 0 0 0 0 0 0 0 0 0 0 0 0 0 0 0 0 0 0 0 0 0 0 0 0 0 0 0 0 0 0 0 0 0 0 0 0 0.02833 0.472465 0 0.509251 0.15567 0.555459 0.546123 3.84948e-05 
0.0691708 0 0 0 0 0 0 0 0 0 0 0 0 0 0 0 0 0 0 0.304202 0.652626 0.80326 0 0 0 0 0 0 1 0 0 0 0 0 0 0 0 0 0 0 0 0 0 0 0 0 0 0 0 0 0 0 0 0 0 0 0 0 0 0 0 0 0 0 0 0 0 0 0 0 0 0 0 0 0 0 0 0 0 0 0 0 0 0 0 0.989123 0.302861 0 0.338021 0 0.31815 0.370413 0 
0.328142 0 0 0 0 0 0 0 0 0 0 0 0 0 0 0 0 0 0 0.936744 0.620065 0.122391 1 0 0 0 0 0 1 0 0 0 0 0 0 0 0 1 0 0 0 0 0 0 0 0 0 0 0 0 0 0 0 0 0 0 0 0 0 0 0 0 0 0 0 0 0 0 0 0 0 0 0 0 0 0 0 0 0 0 0 0 0 0 0 0.779971 0.430029 0.82129 0 0 0.659932 0.954527 1 
0.796775 0 0 0 0 0 0 1 0 0 0 0 0 0 0 0 0 0 0 0.572646 0.321088 0.623175 0 0 0 0 0 0 0 0 0 0 0 0 0 0 0 0 0 0 0 0 0 0 0 0 0 0 0 0 0 0 0 0 0 0 0 0 0 0 0 0 0 0 0 0 0 0 0 0 0 0 0 0 0 0 0 0 0 0 0 0 0 0 0.721006 0.0842276 0.941165 0 0 0 0.889307 0.339631 1 
0.164474 1.64295e-05 0.000106954 0.00023317 3.12957e-05 2.26804e-06 2.10523e-05 1 2.24128e-06 5.64029e-05 0.000368137 0.000310733 0 0 3.3021e-05 9.64034e-07 1.31797e-05 3.58526e-06 3.55557e-05 0.316975 0.876511 0.240506 1 0.000295399 1.13301e-05 0.00188093 0.000181695 0.000201187 1 0.000318 0 0 0 0 0 0 0 1 6.76439e-06 0 0 0 9.53698e-06 0 0 0 0 0 0 0 0 0 0 0 0 0 0 0 7.33625e-06 0 0 0 0 0 0 0 0 0 0 0 0 4.72045e-06 0 0 0 0 0 0 0 0 0 0 0 0 0.105541 0.430325 0.613032 0.0922839 0 0 0.465708 0.00506203 1 
0.377722 0 0 0 0 0 0 0 0 0 0 0 0 0 0 0 0 0 0 0.203846 0.358361 0.705852 0 0 0 0 0 0 1 0 0 0 0 0 0 0 0 1 0 0 0 0 0 0 0 0 0 0 0 0 0 0 0 0 0 0 0 0 0 0 0 0 0 0 0 0 0 0 0 0 0 0 0 0 0 0 0 0 0 0 0 0 0 0 0.682434 0.627838 0.034345 0.639009 0 0 0.552017 0.631745 0 
0.945066 0.000125672 0.000333371 0.000472806 0.000902781 8.76675e-05 0.0281539 0 8.81844e-06 0.742639 7.98709e-05 0.000117468 0.000221578 4.0976e-05 0.000482559 1.56335e-05 1.68804e-05 0.000232678 0.000609704 0.593062 0.868226 0.846432 8.57428e-05 0.421668 0.0420121 0.0764808 0.19621 0.0360877 0.999923 0.105445 0.000677379 2.29388e-05 3.2936e-05 9.55608e-06 7.56076e-05 7.72778e-05 1.72628e-05 0.999984 3.61166e-05 1.9117e-07 0.0119042 9.11213e-06 0.00016527 4.10195e-05 7.51027e-07 3.73052e-06 6.82736e-06 1.62417e-06 5.47033e-06 1.05473e-05 1.04258e-05 3.84875e-07 2.82619e-07 0 3.29396e-07 0 0 7.17044e-07 7.23302e-07 0 0 0 1.92441e-07 0 0 0 0 0 0 0 0 0 0 0.019085 0 0 0 0 0 0 0 0 0 0.0371851 0.712851 0.863423 0.775895 0.349053 0 0.60773 0 0.951144 1.88771e-05 
0.920075 0 0 0 0 0 0 1 0 0 0 0 0 0 0 0 0 0 0 0.270408 0.469004 0.838956 0 2.1777e-07 0 0 0 0 0 5.00932e-07 0 0 0 0 0 0 0 0 0 0 0 0 0 0 0 0 0 0 0 0 0 0 0 0 0 0 0 0 0 0 0 0 0 0 0 0 0 0 0 0 0 0 0 0 0 0 0 0 0 0 0 0 0 0 0.178272 0.284863 0.794455 0.969681 0 0 0 0 1 
0.40524 0.00215661 0.00654722 0.0284828 0.079784 0.0267001 0.00989192 0 2.73822e-05 0.0300372 0.0126472 0.000749855 0.0363596 0.00120026 0.0213795 4.55565e-05 0 0.0224606 0.12108 0.249752 0.744015 0.0206273 5.27301e-07 0.0783605 0.0526178 0.0181659 0.0896214 0.0195945 1.25083e-07 0.0333325 0 0 0 0 0 0 0 1 0.0531236 1.85991e-05 0.000214967 0 0.00103336 0.000732649 0.00027433 0 0 0 0 0.0043546 0 0 0 0 0 0 0 0 0 0 0 0 0 0 0 0 0.0011533 0 0 0 0 0 0 0 0 0 0 0 0.000101506 0 0 0 0 5.61299e-07 0 0 0.319858 0.266037 0 0 0.988809 0.327602 0 
0.098761 0.83333 0.101921 0.618575 0.00260933 0.000442533 0.0133703 2.59046e-05 0.000186921 0.207765 0.307414 0.631342 0 0 0.049282 5.82504e-06 0.0117058 0.000176519 0.0888057 0.727721 0.154392 0.072043 0.999892 0.528192 0.0126274 0.194085 0.0944274 0.251001 0.999572 0.0694806 0 0 0 0 0 0 0 0.999975 0.0108961 0 0 0 0.0104735 0 0 0 0 0 0 0 0 0 0 0 0 0 0 0 0.00127767 0 0 0 0 0 0 0 0 0 0 0 0 4.86448e-05 0 0 0 0 0 0 0 0 0 0 0 0 0.32605 0.879986 0.651646 0 0.269522 0 0 0.916792 0.000116603 
0.234021 0 0 0 0 0 0 1 0 0 0 0 0 0 0 0 0 0 0 0.155603 0.666521 0.563158 1 0 0 0 0 0 0 0 0 0 0 0 0 0 0 1 0 0 0 0 0 0 0 0 0 0 0 0 0 0 0 0 0 0 0 0 0 0 0 0 0 0 0 0 0 0 0 0 0 0 0 0 0 0 0 0 0 0 0 0 0 0 0.764548 0 0.898414 0.0461344 0 0 0.985571 0.0944112 1 
0.866714 0.000113647 0.000127126 0.0240874 0.000316123 0 0.451303 0 0 0.00127878 0.000569529 0.000824637 0.0106431 0.000204848 0.000666257 0.00402856 0 0.00189517 0.0009579 0.681297 0.158864 0.225628 6.6991e-06 0.439681 0.000142598 0.0430813 0.198999 0.0120827 3.1554e-06 0.0280004 1.17166e-06 4.9888e-07 1.35493e-07 1.18024e-07 0 0.176792 1.90459e-07 1.05956e-05 0 0 0 1.15535e-07 1.7012e-07 0 0 0 0 0 0 0 0 0 0 0 0 0 1.86474e-05 0 0 0 0 0 0 0 0 0 0 0 0 0 0 0 0 0 0 0 0 0 0 0 0 0 0 0.0026366 0.438159 0.760338 0.294069 0 0 0 0 0 0.999972 
0.0270171 0.00113641 0.0785968 0.0586979 0.0354951 1.68941e-05 0.000646768 1.13678e-05 0.00129726 0.296855 0.0490737 0.00351332 0 0.0646642 0.0279174 0.0944115 0.286326 0.000603142 0.0238129 0.519327 0.183525 0.13924 5.68765e-05 0.304506 0.0045216 0.402527 0.230747 0.0714697 0.999907 0.136052 0 0 0 0 0 0 1.71451e-05 0.999982 0.0312 0 0 0 0.0161152 0 0.000353021 0 0 0 0 0 0 0 0 0 0 0.000367505 0 0 0.160738 0 0 0 0 0 0 0 0 0 0 0 0 0.0128973 0 0 0 0 0 0 0 0 0 0 5.26276e-07 0 0 0.845449 0.743195 0 0 0 0 0 9.33893e-06 
0.437294 1.14504e-07 4.77233e-07 7.17973e-07 2.25842e-07 0 0 0 0 0 3.93444e-07 3.86884e-07 0 0 0 6.50095e-07 0 0 1.23684e-07 0.271034 0.442109 0.245601 1 5.54268e-07 1.18144e-07 7.16044e-07 1.08154e-07 0 0 3.74151e-07 0 0 0 0 0 0 0 1 0 0 0 0 0 0 1.61057e-07 0 0 0 0 0 0 0 0 0 0 0 0 0 0 0 0 0 0 0 0 0 0 0 0 0 0 0 0 0 0 0 0 0 0 0 0 0 0 0 0.436691 0.762336 0.0223774 0.499525 0 0 0 0.134273 0 
0.698789 0.00224629 0.00718574 0.00629127 0.000914267 0 0.000568799 0 0.00271482 0.0154004 0.021882 0.000745186 0 0.00230375 0.0051229 0.0049543 0 0.000728438 0.00859238 0.66211 0.427524 0.655235 0 0.0162403 0.00302143 0.0094022 0.00530046 0.00443518 0 0.00901835 0 0 0 0 0 0 0 1 0 0 0 0 0 0 0.000398883 0 0 0 0 0 0 0 0 0 0 0.00161516 0 0 0 0 0 0 0 0 0 0 0 0 0 0 0 0 0 0 0 0 0 0 0 0 0 0 0 0 0.0636196 0.717679 0.767939 0 0 0 0.937349 0 1 
0.660774 0 0 0 0 0 5.46291e-05 0 0 5.62499e-05 0 0 0 0 0 0 0 0 0 0.256754 0.897536 0.0580694 0 1.9196e-05 0 0 0 0 1 0 0 0 0 0 0 0 0 1 0 0 0 0 0 0 0 0 0 0 0 0 0 0 0 0 0 0 0 0 0 0 0 0 0 0 0 0 0 0 0 0 0 0 0 0 0 0 0 0 0 0 0 0 0 0 0 0.754848 0.331295 0.585959 0.868753 0 0 0.791975 0 
0.728783 0 0 0 0 0 2.12823e-06 1 0 8.6373e-07 0 0 0 0 0 0 0 0 0 0.564859 0.520475 0.540143 0 2.89896e-07 0 0 0 0 0 0 0 0 0 0 0 0 0 1 0 0 0 0 0 0 0 0 0 0 0 0 0 0 0 0 0 0 0 0 0 0 0 0 0 0 0 0 0 0 0 0 0 0 0 0 0 0 0 0 0 0 0 0 0 0 0.594769 0.800529 0.446159 0.660309 0 0 0.690983 0.70897 0 
0.467692 0.00248065 0.00386802 0.00728707 6.5445e-05 0 0.0258468 0.999963 0 0.0214036 0.480803 0.0158373 2.77551e-05 0.000876524 8.96934e-06 0 0 0.0107443 0.0156679 0.285937 0.16025 0.157291 0.999957 0.489546 0.0144607 0.178269 0.0161255 0.0129567 1.60128e-05 0.106892 0 0 0 0 0 1.80791e-06 0 0.999998 0 0 1.41115e-05 0 0.000664043 0 0 0 0 0.0115675 0 0 0 0 0 0 0 0 0.000397901 0 0 0 0 0 0 0 0 0 0 0 0 0 0 0 0 0 0 0 0 0 0 0 0 0 0 0 0.865455 0 0.133577 0 0.6131 0 0.0295356 0.845324 0.999989 
0.360202 7.06484e-05 6.82335e-06 3.03328e-05 0 3.88564e-06 2.24384e-05 0 0 1.27818e-05 2.79753e-05 3.55757e-06 9.73457e-05 2.17394e-05 2.05304e-05 0 0 8.51267e-05 6.85697e-05 0.64007 0.892493 0.587419 1 8.3915e-05 2.65274e-05 2.46378e-05 6.71567e-05 6.38334e-06 1 4.34631e-05 0 0 0 0 0 0 0 0 0 0 0 0 2.04873e-07 0 0 0 0 0 0 0 0 0 0 0 0 0 0 0 0 0 0 0 0 0 0 0 0 0 0 0 0 0 0 0 0 0 0 0 0 0 0 0 0 0 0.501056 0.352154 0.507192 0.460205 0 0.0881756 0.805456 0.823459 1 
0.0298077 3.05364e-05 0.0106709 0.0136753 0.00110655 0 0.000181724 1 9.63e-05 0.000341112 0.00394654 0.0162099 0 0 0.000632181 0.005778 0.000571268 8.76398e-06 0.0139189 0.650119 0.78679 0.636214 1 0.0213377 1.10003e-07 0.142717 0.00926608 0.000350079 1 0.0175598 0 0 0 0 0 0 0 2.98118e-07 0.00111336 0 0 0 0.000284973 0 0 0 0 0 0 0 0 0 0 0 0 0 0 0 0.000302681 0 0 0 0 0 0 0 0 0 0 0 0 0.000559609 0 0 0 0 0 0 0 0 0 0 0 0 0 0.318972 0.344885 0.739261 0 0 0.833554 0.580954 0 
0.862553 0.00168318 0.00135171 0.00170764 0.024783 5.11852e-05 0.00770119 0 0.000329619 0.0035552 0.000640077 0.000183904 0.00408951 8.99975e-05 0.000652761 0.00022964 0.000491651 0.000430433 0.833334 0.902093 0.256141 0.0853521 0.99986 0.542359 0.0151504 0.0485038 0.181126 0.01076 0.999763 0.256232 0.000168772 4.69723e-06 3.52941e-06 1.62226e-06 0 0 7.54683e-05 0.999856 0.00240493 0.833332 5.81947e-06 6.55685e-07 0.6283 0.000100696 9.62716e-05 1.17989e-05 0 9.57011e-07 1.91767e-06 6.62515e-05 8.35355e-06 1.81569e-05 4.30211e-06 4.3582e-07 1.64442e-06 0 0 2.48581e-06 0.000252246 1.21956e-07 0 3.55056e-06 1.08371e-06 0 0 8.72669e-06 0 8.25348e-07 0 1.95412e-06 2.63361e-06 0.763899 0 0 4.95452e-06 7.13129e-05 0.653661 3.44855e-06 0 8.86062e-07 0.833332 2.03995e-06 2.19329e-06 0.700154 0 0 0.70312 0.910595 0 0.966604 0 0 0.999245 
0.174271 0.000239674 0.000735582 0.0161087 0.000698981 0.00250842 0.0062045 1 1.60614e-05 0.0166342 0.00971919 0.00585158 0 0.0066606 0.000747759 0.0163966 0.00783081 1.94431e-05 0.000216684 0.357391 0.34767 0.240992 1 0.0300343 0.000540824 0.0885171 0.0730033 0.0164454 0 0.0865857 0 0 0 0 0 0 0 3.80833e-07 2.49278e-07 0 0 0 1.28122e-07 0 0 0 0 0 0 0 0 0 0 0 0 0 0 0 0 0 0 0 0 0 0 0 0 0 0 0 0 1.24877e-07 0 0 0 0 0 0 0 0 0 0 0 0 0.815192 0.0750772 0.247812 0 0 0 0 0.381751 0.999999 
0.572237 0.0251149 0.0113691 0.00448919 0.00424349 0.000883405 0.0369334 1.91659e-07 0.000113247 0.833334 0.00581647 0.00204248 0.00111179 0.000259686 0.000257287 0.0321301 0.00287359 0.000423901 0.0136816 0.642928 0.173393 0.898219 0.000177354 0.271815 0.83333 0.0395941 0.592209 0.0890983 0.999758 0.160092 0.000302936 0 0 0 0 0 0.000447324 0.99998 0 7.48866e-05 0.000156397 0 0.000372752 3.78873e-06 0.000325726 4.80943e-06 0 4.18866e-06 5.41515e-07 3.06592e-05 3.12229e-06 5.79023e-05 2.44604e-05 0 3.13456e-05 0 0 2.33543e-05 0.00048623 2.16049e-06 0 5.54947e-05 1.44621e-05 0 0 0.000232335 0 8.14825e-06 0 1.16883e-05 4.92151e-05 2.23268e-07 0 0.00111675 0.000100848 4.9002e-06 1.58025e-05 0 0 0 2.45279e-05 0 0.000224341 0.66197 0 0.0842705 0.469984 0.744279 0 0 0 0 1.63369e-05 
0.623896 0 0 0 0 0 0 0 0 0 1.72941e-07 0 0 0 0 0 0 0 0 0.193128 0.946982 0.68563 0 0 0 0 0 0 1 1.52254e-07 0 0 0 0 0 0 0 1 0 0 0 0 0 0 0 0 0 0 0 0 0 0 0 0 0 0 0 0 0 0 0 0 0 0 0 0 0 0 0 0 0 0 0 0 0 0 0 0 0 0 0 0 0 0 0 0.286646 0.34392 0 0.0368546 0 0.624478 0 1 
0.261437 1.08394e-07 3.95387e-05 9.25178e-05 1.21069e-06 0 0.000627943 0 1.12167e-06 2.53909e-07 0.000116323 7.96322e-06 1.38946e-06 0 0.00136289 8.44617e-06 0 2.81138e-07 3.72161e-05 0.444794 0.215875 0.960447 0 4.8924e-05 0 0.000406948 0.000285139 1.97173e-06 0 0.000246889 0 0 0 0 0 0 0 1 0 0 0 0 0 0 0 0 0 0 0 0 0 0 0 0 0 0 0 0 0 0 0 0 0 0 0 0 0 0 0 0 0 0 0 0 0 0 0 0 0 0 0 0 0 0 0.559043 0.256702 0.167283 0.909599 0 0 0.689331 0.968383 1 
