0.548194 0.000214856 0.000642418 0.138192 0.0053691 0.000101505 0.0907909 0.717418 0.0391931 0.999581 0.000839876 0.586149 0.000891624 0.00112527 0.0133369 0.0015183 0.000422823 0.000447794 0.000806322 0.584226 0.11371 0.0355554 0.0015685 0.998686 0.0294217 0.0478216 0.63171 0.0261024 0.248518 0.137616 0 0 0 0 0 0 0 0.999978 1.79957e-06 0.00482762 0.00579923 0 5.86058e-06 0 2.51573e-05 0 3.81939e-05 0 0 1.56372e-06 0 0 0 0 0 0 0 0 0 0 0 0 0 0 0 0 0 0 0 0 0 0 0 0 0 0 0 0 1.06872e-06 0 0 0 0 2.26817e-05 0 0 0.414788 0 0.374015 0 0 0 0.000118965 
0.445716 0 0 0 0 0 0 0 0 1 0 0 0 0 0 0 0 0 0 0.746485 0.388854 0.0406068 0 0 0 0 0 0 0 0 0 0 0 0 0 0 0 1 0 0 0 0 0 0 0 0 0 0 0 0 0 0 0 0 0 0 0 0 0 0 0 0 0 0 0 0 0 0 0 0 0 0 0 0 0 0 0 0 0 0 0 0 0 0 0.400267 0.81333 0.885891 0.533836 0.96249 0 0.790513 0.379905 1 
0.945648 0.477955 0 0 0 0 0 0 0 0.999988 0 0 0.833333 0 0 0 0 0 0 0.689221 0.235982 0.18812 0.999992 0.99996 0.00579838 0.00625487 0.000390334 0.030423 0.443834 0.0969082 0.105214 0 0 0 0 0 0 0.999998 0 0 0 0 0 0 0 0 0 0 0 0 0 0 0 0 0 0 0 0 0 0 0 0 0 0 0 0 0 0 0 0 0 0 0 0 0 0 0 0 0 0 0 0 0 0 0.808901 0.019379 0.592578 0.550777 0 0 0 0 0.999916 
0.840073 0 0 0 0 0 0 0 0 0 0 0 0 0 0 0 0 0 0 0.711565 0.947943 0.296384 0 1 0 0 0 0 0 0 0 0 0 0 0 0 0 0 0 0 0 0 0 0 0 0 0 0 0 0 0 0 0 0 0 0 0 0 0 0 0 0 0 0 0 0 0 0 0 0 0 0 0 0 0 0 0 0 0 0 0 0 0 0 0 0 0.437529 0.93224 0 0 0.139418 0.281856 0 
0.638401 0.500285 0 0 0 0 0 0 0 0.999978 0 0 0 0 0 0 0 0 0 0.707551 0.186042 0.152631 4.12062e-05 1.45145e-05 0.58705 0.0262926 0.00748155 0.0184703 0.339783 0.0997993 0.0105236 0 0 0 0 0 0 0.000143513 0 0 0 0 0 0 0 0 0 0 0 0 0 0 0 0 0 0 0 0 0 0 0 0 0 0 0 0 0 0 0 0 0 0 0 0 0 0 0 0 0 0 0 0 0 0 0.953143 0.432192 0.360966 0 0 0.550961 0.188573 0.34975 1.30311e-05 
0.487849 3.9635e-05 0.0155969 2.20212e-05 2.28662e-05 0.000181777 0.00379839 0.000203559 0 0 0.000118446 0.000110797 0.000849659 0 0.0745589 1.41988e-07 0 2.1533e-05 0.000582961 0.279416 0.531064 0.74932 1 1 0.000281639 0.0036083 1.35282e-05 0.000127099 0.0532649 0.00333824 0 0 0 0 0 0 0 1 1.26128e-06 3.38495e-06 0 0 0 0 0 0 0 0 0 0 0 0 0 0 0 0 0 0 0 0 0 0 0 0 0 0 0 0 0 0 0 0 0 0 0 0 0 0 0 0 0 0 0 0 0.328574 0.220249 0.614957 0.908308 0 0.136575 0.492888 0 0 
0.538106 0 0 0 0 0 0 0 0 1 0 0 0 0 0 0 0 0 0 0.270794 0.954101 0.214444 0 0 0 0 0 0 0 0 0 0 0 0 0 0 0 1 0 0 0 0 0 0 0 0 0 0 0 0 0 0 0 0 0 0 0 0 0 0 0 0 0 0 0 0 0 0 0 0 0 0 0 0 0 0 0 0 0 0 0 0 0 0 0.376623 0.763908 0.935544 0 0 0 0 0.787649 0 
0.784993 0 3.07042e-07 1.00438e-05 0 0 0 0 0 0 3.78615e-06 0 0 0 0 0 0 0 7.42459e-07 0.690424 0.640047 0.207115 1 0 3.47631e-07 1.4287e-07 0 0 2.29988e-07 3.11132e-07 0 0 0 0 0 0 0 0 0 0 0 0 0 0 0 0 0 0 0 0 0 0 0 0 0 0 0 0 0 0 0 0 0 0 0 0 0 0 0 0 0 0 0 0 0 0 0 0 0 0 0 0 0 0 0.163183 0 0.514627 0 0 0 0.367242 0.464137 1 
0.444273 0 0 0 0 0 0 0 0 0 0 0 0 0 0 0 0 0 0 0.0730354 0.866477 0.912029 0 1 0 0 0 0 0 0 0 0 0 0 0 0 0 0 0 0 0 0 0 0 0 0 0 0 0 0 0 0 0 0 0 0 0 0 0 0 0 0 0 0 0 0 0 0 0 0 0 0 0 0 0 0 0 0 0 0 0 0 0 0 0 0.980241 0.166508 0.642884 0 0 0.0896925 0.117172 1 
0.0757259 0.000208257 0.00028529 0.175301 0.000569216 0 4.13836e-07 0.176145 3.1126e-05 6.13277e-06 0.0906943 0.001108 0 0.178868 0.000248447 0.177402 0.0742121 5.70084e-07 0.000442407 0.677451 0.455731 0.105913 1.27888e-05 0.999983 1.3299e-05 0.237286 0.174247 0.177899 5.56253e-05 0.316689 0 0 0 0 0 0 0 3.31153e-05 6.49571e-07 0 0 0 0 0 7.384e-06 0 0 0 0 0 0 0 0 0 0 4.15058e-06 0 0 3.33702e-06 0 0 0 0 0 0 0 0 0 0 0 0 4.75904e-07 0 0 0 0 0 0 0 0 0 0 0 0 0 0.177339 0.594622 0.0424607 0 0 0 0.990874 0.999959 
0.697898 0.0144161 0.0769479 0.101133 0.0178315 0 0.00820129 0.0848293 0.015813 1.75044e-05 0.236788 0.0209726 0 0.0298774 0.0342428 0.0443617 0 0.0169339 0.129121 0.529151 0.152646 0.924319 0.99999 8.52251e-06 0.0556428 0.161483 0.101055 0.0295429 0.22635 0.180834 0 0 0 0 0 0 0 1 0 0 0 0 0 0 0.00758861 0 0 0 0 0 0 0 0 0 0 0.0213969 0 0 0 0 0 0 0 0 0 0 0 0 0 0 0 0 0 0 0 0 0 0 0 0 0 0 0 0 0 0.0922765 0.472882 0.257194 0 0 0 0 0.999907 
0.342874 1.80313e-06 1.26827e-06 3.98178e-05 9.02535e-05 5.09173e-06 0.000264005 1.78028e-06 1.16396e-05 0 4.16433e-06 7.0618e-06 3.90356e-06 0 8.67313e-07 0 0 3.57066e-07 0.000107628 0.989653 0.443142 0.931035 0 1 3.82592e-07 5.87295e-07 7.235e-05 6.9006e-06 7.31743e-05 1.59657e-05 0 0 0 0 0 0 0 1 5.76144e-05 0 1.55439e-07 0 2.52717e-06 1.9488e-06 2.00772e-07 0 0 0 0 0 0 0 0 0 0 0 0 0 0 0 0 0 0 0 0 0 0 0 0 0 0 0 0 0 0 0 0 0 5.16156e-07 0 0 0 0 0 0.0952826 0.0392989 0.901654 0.00501299 0 0 0.916852 0 0 
0.786685 0.400941 0 0.000305858 1.25134e-05 0 0 0 0 0.999998 0 0 0 0 0 0 0 0 0 0.891309 0.482611 0.0189836 6.47692e-06 0.999991 0 8.44615e-05 0.00456981 0.184887 0.343508 0.091278 0.161964 0 0 0 0 0 0 1.37774e-05 0 0 0 0 0 0 9.33061e-05 0 0 0 0 0 0 0 0 0 0 0 0 0 0 0 0 0 0 0 0 0 0 0 0 0 0 0 0 0 0 0 0 0 0 0 0 0 0 1.16689e-05 0 0 0.45282 0.781518 0 0 0 0 0.999977 
0.906893 0 0.748522 0.0316144 0.0224447 0.0383411 0.00253492 0.010659 0.00610149 2.60521e-06 0.0190381 0.00633264 0.684708 0.000336482 0.190968 0.833319 0.0359667 0.000975391 0.036833 0.632933 0.285238 0.0282207 0.999785 0.997974 9.77896e-05 0.744351 0.102186 0.541296 0.234956 0.0862829 0.705722 0.833324 0.833324 0.833324 0 0.00133589 0.763873 0.999754 0.000604601 0.753591 0.833322 0 0.513736 0.710574 0.750995 0.833325 0.00149261 0.841659 0.833325 0.833321 0 0.833324 0.833324 0 0 0 0 1.40987e-06 0 0.833325 0.833324 0 0 0.833324 0.833324 0 0 0.833324 0 0 0 0 0 0 0.833323 0 0 0.833324 9.94071e-06 0.833324 0 0.833324 0 0.763745 0.590646 0.56935 0.810787 0.448607 0.496206 0.554894 0 0.0280057 0.994847 
0.873295 0 0 0 0 0 0 0 0 1 0 0 0 0 0 0 0 0 0 0.703517 0.374861 0.902544 1 1 0 0 0 0 0 0 0 0 0 0 0 0 0 1 0 0 0 0 0 0 0 0 0 0 0 0 0 0 0 0 0 0 0 0 0 0 0 0 0 0 0 0 0 0 0 0 0 0 0 0 0 0 0 0 0 0 0 0 0 0 0.504036 0.386219 0.266686 0.690329 0 0 0 0.737766 0 
0.560487 1.2689e-05 0.019987 0.000217531 0.00103307 0.000214442 0.00485393 0.661316 6.45812e-06 0.999804 0.0124371 2.4086e-05 0.0207073 3.88307e-05 0.75771 6.85476e-05 7.67494e-07 0.00956637 0.586282 0.676978 0.0714937 0.0563613 0.999896 0.000110072 0.0639181 0.244729 0.72859 0.154179 0.298579 0.113334 0 0 0 0 0 0 0 0.999985 8.42202e-05 0.711241 0.00104929 0 0.0179133 7.42241e-07 5.19426e-07 0 1.00824e-05 2.91995e-06 0 0 0 0 0 0 6.48235e-05 0 0 0 0 0 0 0 0 0 0 0 0 0 0 0 0 8.6215e-07 0 0 0 9.30848e-06 8.10142e-07 0 0 0 2.90374e-05 0 0 0.0681161 0.562203 0 0.204275 0.918348 0 0 0.450238 0.59881 2.36828e-05 
0.0563575 0 0 0.00583726 0 0 0 0.00484815 0 1 0.0134239 0 0 0.0344203 0 0.00564508 0.00440047 0 0 0.0112909 0.826599 0.969448 2.17686e-07 0 0 0.0256505 0.0044956 0.01948 1.49884e-06 0.0203731 0 0 0 0 0 0 0 4.80708e-07 0 0 0 0 0 0 0 0 0 0 0 0 0 0 0 0 0 0 0 0 0 0 0 0 0 0 0 0 0 0 0 0 0 0 0 0 0 0 0 0 0 0 0 0 0 0 0 0.377219 0.43912 0 0 0 0.26102 0.492621 0 
0.537495 0 0 0 0 0 0 0 0 1 0 0 0 0 0 0 0 0 0 0.548377 0.273402 0.0439558 0 0 0 0 0 0 0 0 0 0 0 0 0 0 0 0 0 0 0 0 0 0 0 0 0 0 0 0 0 0 0 0 0 0 0 0 0 0 0 0 0 0 0 0 0 0 0 0 0 0 0 0 0 0 0 0 0 0 0 0 0 0 0.52199 0.0501329 0.393706 0.861545 0 0 0.807529 0.212132 1 
0.929045 0 0 0 0 0 0 0 0 0 0 0 0 0 0 0 0 0 7.30466e-06 0.150524 0.542752 0.169256 1 0 0 0 0 0 4.9561e-06 0 0 0 0 0 0 0 0 1 0 0 0 0 0 0 0 0 0 0 0 0 0 0 0 0 0 0 0 0 0 0 0 0 0 0 0 0 0 0 0 0 0 0 0 0 0 0 0 0 0 0 0 0 0 0 0.279456 0.00827294 0.275078 0 0.175017 0 0.992163 0.602805 0 
0.836736 0 0 0 0 0 0 0 0 0 0 0 0 0 0 0 0 0 0 0.234345 0.385069 0.957833 1 0 0 0 0 0 0 0 0 0 0 0 0 0 0 1 0 0 0 0 0 0 0 0 0 0 0 0 0 0 0 0 0 0 0 0 0 0 0 0 0 0 0 0 0 0 0 0 0 0 0 0 0 0 0 0 0 0 0 0 0 0 0.823151 0.298601 0.0526713 0 0 0 0.972684 0.342828 1 
0.869399 0 0 0 0 0 0 0 0 1 0 0 0 0 0 0 0 0 0 0.584318 0.942111 0.271509 1 1 0 0 0 0 0 0 0 0 0 0 0 0 0 0 0 0 0 0 0 0 0 0 0 0 0 0 0 0 0 0 0 0 0 0 0 0 0 0 0 0 0 0 0 0 0 0 0 0 0 0 0 0 0 0 0 0 0 0 0 0 0 0.375541 0.190565 0.662304 0.175074 0 0.398654 0.0176567 1 
0.125941 1.05894e-05 0.253742 0.083588 0.00396583 5.97087e-05 0.121074 0.000274944 0.00395588 0.999997 0.301194 0.0515212 0.000155031 5.45121e-05 0.043261 0.0205005 0.000188917 0.000303996 0.0341821 0.486819 0.251864 0.36485 1.50082e-05 1.54361e-06 0.000241693 0.363734 0.100793 0.0054587 0.0700419 0.210622 0 0 0 0 0 0 0 2.31326e-05 0.000144603 0 0 0 0.000957515 0 0 0 0 0 0 0 0 0 0 0 0 0 0 0 8.85318e-05 0 0 0 0 0 0 0 0 0 0 0 0 0.000129755 0 0 0 0 0 0 8.57075e-07 0 0 0 0 0 0 0.214781 0.131561 0.559881 0 0 0.980728 0.846549 1.62695e-07 
0.0986428 8.73556e-06 0.482395 0.00527955 0.0313379 1.73172e-06 0.000487201 0.0802224 0.0003333 0.999976 0.003225 0.0213893 1.92001e-07 5.27479e-06 0.0492734 0.00261948 0.0473086 0.000169809 0.037529 0.568294 0.307561 0.136097 0.999997 1.93069e-05 0.000145983 0.253552 0.243654 0.00286709 0.02793 0.0691536 0.0305717 0 0 0 0 0 5.87961e-07 0.999992 0.0241667 0.00883998 3.56575e-06 0 0.0620711 4.76197e-05 0.00854414 4.88596e-05 6.5446e-07 0.00405549 0.00125723 0.0265 0 0 0.000918002 0 0 0 0 0 0.0129392 0.00573099 0.00303513 1.59694e-07 1.1387e-07 0.00530673 0.00626828 0 0 0.00226181 0 0 1.5993e-07 0.0209912 0 0 0.00865163 3.4722e-06 8.68709e-05 0.0097612 2.08782e-05 0.0190486 1.64536e-06 0.00536882 0 0.0008856 0 0.63979 0.759644 0.788685 0 0 0.497317 0 0.999782 
0.349113 0 3.95571e-06 2.26256e-05 2.60645e-07 0 1.5559e-07 4.99074e-06 4.65137e-07 1 6.1558e-05 0.000407844 0 2.30911e-07 1.72052e-07 1.17214e-06 1.80608e-06 1.11058e-07 8.36533e-05 0.178614 0.70113 0.938067 1 1 1.54094e-06 5.31736e-06 0.00180026 0 0.000462085 0.000218365 2.83904e-06 0 0 0 0 0 0 1 0 0 0 0 0 0 0 0 0 1.43318e-07 0 4.71356e-07 0 0 0 0 1.21216e-07 0 0 2.33821e-07 1.77195e-07 0 0 0 0 0 0 0 0 0 2.15415e-07 0 0 1.11269e-07 0 0 0 0 0.000106958 0 0 0 0 0 0 1.79985e-05 0.0710235 0.966763 0.523418 0.82637 0 0 0.0783701 0 1 
0.567324 0 0.68061 0.678049 0.833329 0 0.00102321 0.0881054 0.000896091 0.000153942 0.727395 0.683339 0 0.753774 0.0137432 0.00175385 0 0.0027261 0.0343995 0.464508 0.0737166 0.0604343 0.000558834 0.999346 0.659828 0.833321 0.0312134 0.00128881 0.188651 0.244613 0 0 0 0 0 0 0 0.999991 0 0 0 0 0 0 0.663829 0 0 0 0 0 0 0 0 0 0 0.833331 0 0 0 0 0 0 0 0 0 0 0 0 0 0 0 0 0 0 0 0 0 0 0 0 0 0 0 0 0 0 0.473106 0 0 0 0 0 0.998563 
0.81048 0 0 0 0 0 0 0 0 1 0 0 0 0 0 0 0 0 0 0.330723 0.024836 0.636188 0 1 0 0 0 0 0 0 0 0 0 0 0 0 0 1 0 0 0 0 0 0 0 0 0 0 0 0 0 0 0 0 0 0 0 0 0 0 0 0 0 0 0 0 0 0 0 0 0 0 0 0 0 0 0 0 0 0 0 0 0 0 0.189221 0.200169 0.430185 0.766951 0.0467043 0 0 0.448594 1 
0.314449 3.19533e-06 0.000308131 0.000869561 2.1987e-05 1.07957e-05 0.0012946 0.000135232 1.98621e-05 1 0.000341334 0.00554906 3.62529e-06 7.2709e-06 4.36222e-05 4.49766e-05 0.000108994 2.67188e-05 0.00148668 0.355135 0.67662 0.307567 1 1 2.60936e-05 0.00029937 0.0158513 1.56515e-05 0.00517788 0.00463639 0.000274176 0 0 0 0 0 1.46021e-06 1 9.61943e-07 3.48837e-06 4.78273e-06 0 1.39977e-06 1.32656e-06 2.41448e-06 0 4.10784e-07 3.83703e-06 0 1.48857e-05 0 6.49029e-07 0 0 1.85194e-06 0 0 4.61176e-06 3.9091e-05 1.50028e-07 3.98513e-07 3.99267e-07 8.10517e-07 2.6737e-06 5.11826e-07 0 0 0 2.79652e-06 0 1.63138e-06 7.96646e-07 0 0 3.1513e-06 6.16567e-07 0.00182714 1.32799e-06 0 8.39764e-07 3.11245e-07 3.195e-06 0 0.000175173 0 0.993073 0.694287 0.0574869 0 0 0.358388 0.102456 0.999999 
0.139343 0 7.43391e-06 0.343459 4.57841e-06 0.00503604 0.00785277 3.71351e-06 0 0.999999 1.56854e-05 0.00165865 0 0 5.117e-06 3.90048e-05 0 3.6847e-06 1.61828e-05 0.932139 0.0227586 0.63804 4.20484e-06 1.20264e-06 4.89781e-06 5.50677e-05 0.00506333 9.2555e-05 8.5527e-07 0.00147169 0 0 0 0 0 0 0 1 0 0 0 0 0 0 0 0 0 0 0 0 0 0 0 0 0 0 0 0 0 0 0 0 0 0 0 0 0 0 0 0 0 0 0 0 0 0 0 0 0 0 0 0 0 0 0.598317 0.729976 0.473627 0 0 0 0.999677 0 0 
0.220217 0 0 0 0 0 0 0 0 0 0 0 0 0 0 0 0 0 0 0.493976 0.247785 0.611009 0 0 0 0 0 0 0 0 0 0 0 0 0 0 0 0 0 0 0 0 0 0 0 0 0 0 0 0 0 0 0 0 0 0 0 0 0 0 0 0 0 0 0 0 0 0 0 0 0 0 0 0 0 0 0 0 0 0 0 0 0 0 0.558703 0.956735 0.669993 0.0967083 0 0 0.419536 0.720982 0 
0.30202 0 0 0 0 0 0 0 0 0 0.280358 0 0 0 0 0 0 0 0 0.239774 0.345419 0.270348 0.999999 0.999998 0 0 0 0 0.283943 0.288676 0 0 0 0 0 0 0 2.53752e-06 0 0 0 0 0 0 0 0 0 0 0 0 0 0 0 0 0 0 0 0 0 0 0 0 0 0 0 0 0 0 0 0 0 0 0 0 0 0 0 0 0 0 0 0 0 0 0 0.619559 0.927346 0.159573 0.895583 0 0 0 0 
0.894576 0.544835 0 0 0 0 0.748586 0 0 0.999893 0.639718 0 0.65662 0.694472 0.833331 0 0.699742 0 0 0.641888 0.142958 0.0821062 0.99993 0.999622 0.608655 0.0196279 0.068081 0.662957 0.445545 0.0203431 0.0108813 0 0 0 0 0 0 0.999993 0 0 0 0 0 0 0 0 0 0 0 0.750626 0 0 0 0 0 0 0 0 0 0 0 0 0 0 0 0 0 0 0.841666 0 0 0 0 0 0 0 0 0 0 0 0 0 0.833332 0 0.0722912 0.0132392 0.493936 0 0.181876 0.313794 0.0615437 0 3.1346e-05 
0.855934 0.000353347 0.0020627 0.0372683 0.0791649 0.000714053 0.00811108 0.518751 0.00221735 1.26659e-07 0.000572263 0.0171504 0.0066585 0.00130376 0.000219797 0.0597109 0.00107126 0.00347032 0.00162043 0.62758 0.199591 0.0892766 0.00014469 3.72845e-05 0.0215028 0.0714813 0.0727898 0.020567 0.404359 0.239924 0.000876407 0.000232877 1.79403e-05 2.61765e-05 1.71456e-05 2.80652e-06 0.000133735 0.000368274 0.00674421 0.0857855 3.49695e-05 2.47372e-05 0.00060131 0.00238157 2.2749e-05 0.000278731 0.00373577 4.14054e-05 3.11418e-05 6.72615e-05 4.80398e-05 2.41341e-05 2.016e-06 5.24764e-06 8.58085e-06 0 0 5.14214e-05 4.13134e-06 2.2261e-06 1.36149e-07 3.73254e-07 4.72934e-06 0 3.09865e-07 4.46464e-05 0 0 1.12457e-07 3.84955e-07 1.95642e-07 0 0 0 6.24101e-05 0 0 1.99277e-07 0 0 0 0 2.75225e-05 0.000304935 0 0.0978082 0.517368 0 0 0.0447329 0 0 9.87398e-06 
0.400112 4.72891e-05 0.00019368 0.000226137 2.8542e-05 0 9.28733e-06 0.000144207 4.32306e-05 1 0.0020212 5.67195e-05 0 6.36524e-05 0.000160563 0.000192481 0 4.17491e-05 0.00020513 0.775503 0.0755724 0.419659 1 0 5.66443e-05 0.00245575 0.0022217 8.87718e-05 0.00700595 0.00320511 0 0 0 0 0 0 0 1.67713e-07 0 0 0 0 0 0 1.74183e-05 0 0 0 0 0 0 0 0 0 0 2.44634e-05 0 0 0 0 0 0 0 0 0 0 0 0 0 0 0 0 0 0 0 0 0 0 0 0 0 0 0 0 0.337204 0.348591 0.231435 0 0 0 0.33579 0 0 
0.522505 0.00472926 0.0812382 0.186057 0.0253851 0 0.0103977 0.15294 0.00991826 3.51311e-07 0.269001 0.0599967 6.79477e-06 0.0137004 0.019903 0.0708643 1.22829e-06 0.0263188 0.0725516 0.281003 0.293011 0.8727 9.36822e-06 2.31319e-06 0.0429252 0.116676 0.0879835 0.0608042 0.332272 0.287142 0 0 0 0 0 0 0 3.0825e-05 0 0 0 0 0 0 0.00935819 0 0 0 0 0 0 0 0 0 0 0.00576427 0 0 0 0 0 0 0 0 0 1.55214e-05 0 0 0 0 0 0 0 0 0 0 0 0 0 0 0 0 1.28459e-06 0 0 0.136711 0.119013 0 0 0 0 0 8.44889e-07 
0.0146622 0.00282686 0.0175743 0.319812 0.0173851 0.00570324 0.318744 0.00632504 0.0122295 0.999982 0.0279661 0.0817255 0.000173938 0 0.0161696 0.0119076 0.00820392 0.0231585 0.17092 0.00809193 0.177231 0.106571 0.999994 0.999936 0.00104753 0.248606 0.172995 0.231596 0.000594481 0.13808 1.82684e-07 0 0 0 0 0 0 1 0.00313377 0 2.34682e-06 0 0.00390293 1.23743e-07 2.0084e-07 0 0 0 0 5.51254e-07 0 0 0 0 0 0 0 0 0.00397963 0 0 0 4.75529e-07 0 0 0 0 0 0 0 0 0.00282783 0 0 0 0 0 0 0 0 0 0 0 1.26012e-07 0.797719 0.1011 0.171411 0.667305 0 0 0.549416 0.367129 0.999823 
0.925735 0 0 5.74949e-06 0 1.637e-06 3.77827e-06 6.59541e-07 0 0 1.62113e-05 0 1.03752e-06 6.65594e-06 2.21069e-06 0 0 2.90778e-07 0.0032393 0.828458 0.449178 0.221176 0 0 0 0 1.90834e-07 0 0.00225902 0.000486477 0 0 0 0 1.6636e-06 1.37119e-07 0 0 0 0 2.53213e-06 0 0 0 7.61288e-06 0 0 0 0 0 0 0 0 0 0 0 0 0 0 0 0 0 0 0 0 0 0 0 0 0 0 0 0 0 0 0 0 0 0 0 0 0 0 0.00200055 0.343954 0.297875 0.322414 0 0 0 0.845317 0.358255 1 
0.668106 1.9184e-07 2.74889e-06 4.35348e-06 2.01198e-06 0 3.95829e-07 2.13725e-06 2.07299e-07 0 3.90968e-06 5.34535e-07 0 3.05068e-07 1.21968e-07 2.28223e-07 0 1.84504e-07 3.69378e-06 0.103052 0.293895 0.225463 0 1 3.39165e-06 4.99787e-06 2.23822e-06 2.07889e-07 1.91519e-06 6.68345e-06 0 0 0 0 0 0 0 1 0 0 0 0 0 0 6.81307e-07 0 0 0 0 0 0 0 0 0 0 7.1688e-07 0 0 0 0 0 0 0 0 0 0 0 0 0 0 0 0 0 0 0 0 0 0 0 0 0 0 0 0 0.171606 0.143233 0.269512 0.00142798 0 0 0.496066 0.451186 0 
0.546257 0 0 0 0 0 0 0 0 1 0 0 0 0 0 0 0 0 0 0.0719543 0.0393813 0.566047 0 0 0 0 0 0 0 0 0 0 0 0 0 0 0 1 0 0 0 0 0 0 0 0 0 0 0 0 0 0 0 0 0 0 0 0 0 0 0 0 0 0 0 0 0 0 0 0 0 0 0 0 0 0 0 0 0 0 0 0 0 0 0.839568 0.379369 0.919181 0.869477 0 0 0 0.23987 0 
0.473013 0 1.10841e-06 1.22491e-06 0 0 0 3.1677e-07 9.32779e-07 1 2.96059e-06 0 0 6.75938e-07 1.34405e-06 2.71653e-07 0 0 2.63541e-06 0.653138 0.294807 0.866707 0 1 1.78377e-07 7.01699e-05 6.68762e-05 9.77099e-07 0.000290522 0.00018782 0 0 0 0 0 0 0 1 0 0 0 0 0 0 0 0 0 0 0 0 0 0 0 0 0 1.7784e-07 0 0 0 0 0 0 0 0 0 0 0 0 0 0 0 0 0 0 0 0 0 0 0 0 0 0 0 0 0 0.615022 0.959623 0.674246 0 0 0 0 1 
0.867539 0 5.60089e-06 0 0 0 1.17381e-06 0 0 0 0 0 1.64341e-05 0 0.000167932 0 0 0 1.4908e-07 0.317772 0.454937 0.0195505 1 0 0 1.092e-06 0 0 0.000117743 1.01109e-06 0 0 0 0 0 0 0 0 0 0 0 0 0 0 0 0 0 0 0 0 0 0 0 0 0 0 0 0 0 0 0 0 0 0 0 0 0 0 0 0 0 0 0 0 0 0 0 0 0 0 0 0 0 1.45428e-07 0 0.00630292 0.87397 0.84217 0 0 0.687653 0.355317 0 
0.950284 0.000571272 0.0200438 0.0440979 0.00151609 0 0.000729163 0.00366458 0.00126201 0 0.0667305 0.0035577 0 0.00388746 0.00649753 0.00278104 0 0.000885953 0.0294987 0.579242 0.481226 0.554563 1 1 0.0115488 0.00860164 0.00597366 0.00229946 0.0178632 0.0179142 0 0 0 0 0 0 0 9.1881e-07 0 0 0 0 0 0 0.00270031 0 0 0 0 0 0 0 0 0 0 0.00298194 0 0 0 0 0 0 0 0 0 0 0 0 0 0 0 0 0 0 0 0 0 0 0 0 0 0 0 0 0.582496 0.281756 0.343354 0 0 0 0.21178 0.170603 0 
0.539597 0 0 0 0 0 0 0 0 0 0 0 0 0 0 0 0 0 0 0.963912 0.0463843 0.296689 0 1 0 0 0 0 0 0 0 0 0 0 0 0 0 0 0 0 0 0 0 0 0 0 0 0 0 0 0 0 0 0 0 0 0 0 0 0 0 0 0 0 0 0 0 0 0 0 0 0 0 0 0 0 0 0 0 0 0 0 0 0 0 0 0.638272 0.60474 0.164751 0 0.470678 0.29344 1 
0.808319 0 0 0 0 0 0 0 0 0 0 0 0 0 0 0 0 0 0 0.274388 0.996861 0.285993 1 1 0 0 0 0 0 0 0 0 0 0 0 0 0 0 0 0 0 0 0 0 0 0 0 0 0 0 0 0 0 0 0 0 0 0 0 0 0 0 0 0 0 0 0 0 0 0 0 0 0 0 0 0 0 0 0 0 0 0 0 0 0 0.90596 0.310543 0.553895 0 0 0.872251 0.879258 0 
0.173384 0 0.000220436 0.00481675 0.000663026 0 0.000525747 1.17082e-05 7.37563e-07 1 0.000431129 0.00139011 0 0 0.000569685 9.95262e-05 1.50819e-06 9.82348e-05 0.000526482 0.663584 0.595258 0.068695 1 0 0.000178486 0.0301522 0.000505954 0.000368306 2.91962e-07 0.00102365 0 0 0 0 0 0 0 1 3.57956e-06 0 0 0 5.69286e-07 0 0 0 0 0 0 0 0 0 0 0 0 0 0 0 7.3656e-07 0 0 0 0 0 0 0 0 0 0 0 0 2.40129e-06 0 0 0 0 0 0 0 0 0 0 0 0 0.529463 0 0.763289 0.57107 0.73043 0 0.553246 0 1 
0.296817 0.000300093 0.00273681 5.13514e-05 0.00204182 0.00298372 7.53246e-05 0.00317708 0.000357506 1 0.0194572 0.00669047 0.00298001 0.00617389 0.000595664 0.00282722 4.05399e-06 0.00121014 0.00253955 0.559888 0.958881 0.249174 4.6414e-06 0.999998 0.0469085 0.00296614 0.0940048 0.00488237 0.0571363 0.122197 0 0 0 0 0 0.000113379 0 1 4.63334e-07 0 0.0207886 0 7.71059e-05 0 2.40424e-05 0 6.37613e-07 0 0 0 0 0 0 0 0 0 0 0 2.60328e-07 0 0 0 0 0 0 0 0 0 0 0 0 2.56701e-07 5.41082e-05 0.0029608 0 0 0 0 0 0 0 0 3.7153e-06 7.60465e-07 0.397399 0.0981879 0.760253 0 0 0.430275 0 0.28262 6.90507e-07 
0.134613 0 0 0.0022864 0 0 0 0.00640553 0 1 0.00446356 0 0 0.0110521 0 0.0294483 0.00769184 0 0 0.444692 0.947095 0.784532 1.13052e-06 0.999999 0 0.131917 0.00596928 0.0147224 0 0.020104 0 0 0 0 0 0 0 1.68535e-06 0 0 0 0 0 0 0 0 0 0 0 0 0 0 0 0 0 0 0 0 0 0 0 0 0 0 0 0 0 0 0 0 0 0 0 0 0 0 0 0 0 0 0 0 0 0 0 0.425782 0.60006 0.930539 0 0 0 0 0.999997 
0.798216 0.00465781 0.0120915 0.00314067 0.0077793 0.0127996 0.0123207 0.0053237 1.29013e-05 0 0.0198197 0.000161849 0.381494 0.001121 0.0434915 1.94674e-05 4.24996e-06 0.000424441 0.0186505 0.573881 0.338543 0.131395 6.61862e-06 0.999993 0.00582719 0.0780656 0.0105468 0.0185396 0.315384 0.290186 4.26346e-05 5.82109e-06 3.60269e-05 1.97424e-05 0 0 4.99968e-06 1 0.00340436 0.000581031 0.000378531 4.26438e-07 8.16236e-05 5.75799e-05 0.00124111 1.54693e-07 0 0 1.18996e-07 0.000115014 1.20907e-06 0 0 0 0 0 0 0 0 0 0 0 0 0 0 3.73898e-07 1.4959e-05 0 0 0 0 0 0 0 3.90322e-07 0 0 0 1.40041e-05 0 0 0 0 0.000321756 0.132197 0.112584 0.109388 0.571054 0 0.294849 0.695761 0 0.999975 
0.193789 0.00443268 0.234963 0.231155 0.0121968 1.35168e-05 0.00126915 0.00128505 0.00027612 0 0.023412 0.0186389 0.00410515 1.70444e-05 0.0121476 0.00078274 1.65852e-07 0.00501851 0.00447746 0.114174 0.554936 0.43285 1 0.999999 6.29588e-05 0.102963 0.0804975 0.024858 0.0132571 0.0158347 0 0 0 0 0 0 0 1 0 0 6.04567e-07 0 1.92538e-05 0 0.00323269 0 4.56474e-07 4.63952e-06 0 1.51878e-06 0 0 0 0 0 0 0 0 1.12858e-07 0 0 0 0 0 0 0 2.56656e-07 0 0 0 0 0 0.00470499 0 0 0 0 0 0 0 0 0 0 0 0 0.171452 0.931195 0 0 0 0.808219 0.872184 0.999996 
0.815475 0.00324861 0.0500897 0.0881992 0.0300593 0 0.0052362 0.0180698 0.00268667 0.999999 0.0501093 0.0130881 0 0.00418936 0.000778006 0.0113901 0 0.0053312 0.085627 0.146798 0.884603 0.339902 0.999999 1.08053e-06 0.0609184 0.0806725 0.0264761 0.00282603 0.158835 0.237413 0 0 0 0 0 0 0 8.0648e-06 0 0 0 0 0 0 0.00601559 0 0 0 0 0 0 0 0 0 0 0.00322642 0 0 0 0 0 0 0 0 0 0 0 0 0 0 0 0 0 0 0 0 0 0 0 0 0 0 0 0 0 0 0.195133 0.369008 0 0 0 0 3.63218e-07 
0.550021 0.0086157 0.113984 0.163804 0.00902189 0 0.0107035 0.102843 0.0111836 0.999947 0.259679 0.0136623 0 0.019043 0.0193271 0.0256252 0 0.01554 0.0580768 0.480423 0.0854721 0.105529 0.99995 0.999807 0.0489475 0.195292 0.0821461 0.0172148 0.184528 0.202131 0 0 0 0 0 0 0 0.000406944 0 0 0 0 0 0 0.00885131 0 0 0 0 0 0 0 0 0 0 0.0314161 0 0 0 0 0 0 0 0 0 0 0 0 0 0 0 0 0 0 0 0 0 0 0 0 0 0 0 0 0 0 0.469857 0 0 0 0 0 0.99956 
0.599284 0.00422244 0.0100595 0.655528 0.045598 0.000361981 0.0819065 0.0229148 0.000795909 0.999679 0.00288827 0.0279995 0.00408473 0.0119093 0.0242824 0.000404131 0.00586011 0.00059881 0.0154696 0.642185 0.0650547 0.0442239 0.00125812 0.000204338 0.0686234 0.0399313 0.259333 0.0241501 0.297939 0.0596337 0.000666827 2.0947e-07 0 0 0 9.62853e-05 1.22339e-06 0.999947 1.9415e-07 0.0545173 0.0113877 0 0.497859 0.833327 0.0128866 1.55574e-06 8.22606e-07 1.45317e-07 3.5237e-07 0.0029755 0 0 0 0 0 0 0 5.65244e-07 0 2.9242e-06 0 0 1.57631e-05 0 0 0.833329 0.655985 0 0 0 0 0 0 0 2.1711e-07 0 0 0 0.00264581 0 0 0 0 0.000653309 0.343402 0 0.174679 0 0.0273015 0 0.531358 0 0.99627 
0.183762 0 0 0.0269615 0 0 0 0.0316108 0 1 0.00171991 0 0 0.00902392 0 0.0658372 0.0242277 0 0 0.594864 0.721532 0.883668 1 0.999998 0 0.226122 0.0310868 0.0365453 4.71235e-06 0.0611148 0 0 0 0 0 0 0 4.50404e-06 0 0 0 0 0 0 0 0 0 0 0 0 0 0 0 0 0 0 0 0 0 0 0 0 0 0 0 0 0 0 0 0 0 0 0 0 0 0 0 0 0 0 0 0 0 0 0.0308066 0.226236 0.263553 0.758923 0 0 0.348497 0 0.999993 
0.320314 0 0 0 0 0 0 0 0 1 0 0 0 0 0 0 0 0 0 0.682574 0.876811 0.530672 1 1 0 0 0 0 0 0 0 0 0 0 0 0 0 0 0 0 0 0 0 0 0 0 0 0 0 0 0 0 0 0 0 0 0 0 0 0 0 0 0 0 0 0 0 0 0 0 0 0 0 0 0 0 0 0 0 0 0 0 0 0 0.122688 0.542971 0.373527 0 0.280077 0 0.32777 0.0535059 1 
0.257138 0.000735858 0.0301337 0.0130283 0.000737442 0.00664092 0.0153126 0.0458804 0.000223544 0.999994 0.00900598 0.0101081 0.0244546 0.00148 0.324934 0.000672372 2.80556e-07 0.0355524 0.0693451 0.0429613 0.947654 0.1956 0.999998 0.999963 0.0468884 0.0611507 0.199146 0.0978562 0.311756 0.0489498 0 0 0 0 0 0 0 5.64383e-05 1.73762e-05 6.35836e-06 6.30247e-06 0 1.29368e-05 2.74719e-07 0 0 0 0 0 3.1978e-06 0 0 0 0 1.38298e-06 0 0 0 1.28933e-07 0 0 0 0 0 0 0 9.73838e-06 0 0 0 0 1.68619e-07 0 0 0 0 0 0 5.24808e-07 0 0 0 0 0 0 0.0676966 0.263893 0.533141 0 0.492388 0.858985 0.587621 1.38031e-07 
0.0246206 2.39931e-06 8.63798e-05 0.00916692 0.00123031 0.254843 0.33989 0.23882 0 0 0.189324 6.36457e-05 2.89187e-06 6.16043e-06 0.00170031 4.23417e-07 8.66923e-06 0.00295747 4.23567e-05 0.858798 0.251716 0.01404 2.63651e-05 0.999978 0.0064878 0.312009 0.141805 0.126029 0.00565949 0.00234347 0 0 0 0 0 0 0 1 3.66046e-05 0 0 0 2.50311e-06 0 0 0 0 0 0 0 0 0 0 0 0 0 1.76373e-07 0 3.39345e-06 0 0 0 0 0 0 0 0 0 0 0 0 1.28117e-05 0 0 0 0 0 0 0 0 0 0 0 0 0.958453 0.907442 0.2871 0 0.157209 0 0.33302 0.338877 0.999959 
0.888652 0 0 0 0 0 0 0 0 1 0 0 0 0 0 0 0 0 0 0.929227 0.595524 0.10925 0 1 0 0 0 0 0 0 0 0 0 0 0 0 0 1 0 0 0 0 0 0 0 0 0 0 0 0 0 0 0 0 0 0 0 0 0 0 0 0 0 0 0 0 0 0 0 0 0 0 0 0 0 0 0 0 0 0 0 0 0 0 0.385492 0.721486 0.557406 0 0.247806 0 0 0.686638 1 
0.246993 0 0 1.19699e-07 0 0 0 2.91135e-07 0 0 0 0 0 2.46204e-07 0 4.22409e-07 2.67806e-07 0 0 0.517411 0.0430953 0.863287 0 0 0 3.03562e-07 1.82164e-07 2.55974e-07 0 3.57866e-07 0 0 0 0 0 0 0 0 0 0 0 0 0 0 0 0 0 0 0 0 0 0 0 0 0 0 0 0 0 0 0 0 0 0 0 0 0 0 0 0 0 0 0 0 0 0 0 0 0 0 0 0 0 0 0 0.715433 0.489227 0.482315 0 0 0.394575 0.23433 1 
0.0979839 0 0 0 0 0 0 0 0 0 0 0 0 0 0 0 0 0 0 0.209801 0.724013 0.393465 1 1 0 0 0 0 0 0 0 0 0 0 0 0 0 1 0 0 0 0 0 0 0 0 0 0 0 0 0 0 0 0 0 0 0 0 0 0 0 0 0 0 0 0 0 0 0 0 0 0 0 0 0 0 0 0 0 0 0 0 0 0 0 0.156177 0.112939 0.775624 0.059903 0 0.567992 0 0 
0.645707 0.000328537 0.002366 0.0929292 0.0092788 0.833323 0.124791 0.0853915 0.749073 0.999393 0.00668913 0.0220641 0.00393441 0.538585 0.0568531 0.000632021 3.69641e-06 0.00106754 0.630488 0.619387 0.0721053 0.0296679 0.999622 0.000472089 0.833313 0.0213623 0.162179 0.0660313 0.279364 0.16598 0 0 0 0 0.833325 0.000257024 0 0.00436673 2.46038e-06 0.647199 0.763872 0 0.76135 0 0.695609 0 1.92242e-05 0 0 0 0 0 0 0 0 0 0 4.00525e-06 0 0 0 0 0 0 0 0 0.84166 0 0 0 0 0 0 0.841661 0.763871 0 0 0 1.83865e-05 0 0 0 0 1.49103e-06 0.663156 0 0.279712 0 0.0798753 0.486044 0.574982 0.298979 0.000173265 
0.17299 5.52941e-07 5.64515e-05 0.000306039 1.5549e-05 0 1.53467e-05 0.000210126 5.43905e-06 0 7.82441e-05 0.000161418 0 0.000147256 2.14289e-05 0.000183478 7.19492e-05 1.79232e-07 0.000149626 0.363087 0.294983 0.794882 1 0 3.7529e-07 0.000273721 0.000270602 0.000150505 5.17748e-07 0.000388611 0 0 0 0 0 0 0 0 8.09385e-06 0 0 0 4.3269e-06 0 0 0 0 0 0 0 0 0 0 0 0 0 0 0 3.9381e-06 0 0 0 0 0 0 0 0 0 0 0 0 5.36468e-06 0 0 0 0 0 0 0 0 0 0 0 0 0 0.113037 0.355702 0.357821 0 0 0 0.311472 1 
0.59054 2.33665e-06 4.14716e-05 4.82761e-05 1.44447e-05 0 4.63117e-06 1.17875e-05 4.45651e-06 1 0.000285604 7.99662e-06 0 8.62515e-06 5.67942e-06 5.08104e-06 0 2.20642e-06 3.12823e-05 0.250401 0.732602 0.68619 1 1 3.20647e-05 0.000315549 0.000549501 5.37252e-06 0.00234544 0.0021282 0 0 0 0 0 0 0 1 0 0 0 0 0 0 3.5779e-06 0 0 0 0 0 0 0 0 0 0 1.12708e-05 0 0 0 0 0 0 0 0 0 0 0 0 0 0 0 0 0 0 0 0 0 0 0 0 0 0 0 3.50962e-07 0 0.454839 0.247714 0.470334 0 0 0.335933 0 0 
0.128381 0 2.17159e-07 2.38629e-05 2.39078e-05 0 1.31737e-06 2.52733e-05 0 0.999998 0.399659 1.11505e-05 0 9.73715e-06 2.72524e-05 2.74181e-05 1.0934e-05 0 2.67847e-06 0.926444 0.00464362 0.632128 0.999997 0 0.00196003 0.00229424 2.6101e-05 2.50471e-05 0.41604 0.412497 0 0 0 0 0 0 0 1.11773e-05 1.54498e-07 0 0 0 0 0 0 0 0 0 0 0 0 0 0 0 0 0 0 0 0 0 0 0 0 0 0 0 0 0 0 0 0 0 0 0 0 0 0 0 0 0 0 0 0 0 0 0.205478 0.0590767 0.105199 0.93579 0 0 0 0 
0.433489 0.00866922 0.0734552 0.0213119 0.0205836 0.00272091 0.0359809 0.0298896 1.82642e-05 4.12873e-06 0.39596 0.378362 0.0255269 0.00904168 0.00730773 0.00465005 0 1.25835e-05 0.0220965 0.736914 0.118423 0.0385655 0.00161176 0.000371608 0.0275794 0.0843798 0.0539073 0.00029174 0.26045 0.0700159 0 0 0 0 0 0.000715781 0 0.999992 0 0 7.96424e-06 0 3.13049e-06 0 8.04614e-05 0 0.000685415 6.73737e-06 0 0 0 0 0 0 0 0 4.04005e-07 0 0 0 0 0 0 0 0 0 0 0 0 0 0 0 4.40305e-06 0 0 0 0 0 0 0 0 0 0 1.42483e-07 0.661772 0.318923 0.543816 0 0 0 0 0.657525 0.999654 
0.3884 0 0 0 0 0 0 0 0 1 0 0 0 0 0 0 0 0 0 0.598599 0.704346 0.192146 0 1 0 1.13305e-07 2.00624e-07 0 5.25041e-07 9.44348e-07 0 0 0 0 0 0 0 0 0 0 0 0 0 0 0 0 0 0 0 0 0 0 0 0 0 0 0 0 0 0 0 0 0 0 0 0 0 0 0 0 0 0 0 0 0 0 0 0 0 0 0 0 0 0 0 0.298798 0.612732 0 0 0 0 0.832388 0 
0.168165 0 0 0.0135516 0 0 0 0.0150052 0 1 0.000265105 0 0 0.00140591 0 0.00650616 0.00196429 0 0 0.918704 0.147667 0.523619 6.52384e-07 1 0 0.0713723 0.014133 0.00278519 0 0.0153182 0 0 0 0 0 0 0 1 0 0 0 0 0 0 0 0 0 0 0 0 0 0 0 0 0 0 0 0 0 0 0 0 0 0 0 0 0 0 0 0 0 0 0 0 0 0 0 0 0 0 0 0 0 0 0.904465 0.566776 0.660976 0 0 0 0.71621 0 0.999999 
0.470269 0 0 0 0 0 0 0 0 0 0 0 0 0 0 0 0 0 0 0.462531 0.933771 0.980897 1 1 0 0 0 0 0 0 0 0 0 0 0 0 0 1 0 0 0 0 0 0 0 0 0 0 0 0 0 0 0 0 0 0 0 0 0 0 0 0 0 0 0 0 0 0 0 0 0 0 0 0 0 0 0 0 0 0 0 0 0 0 0.98517 0.645531 0.712287 0.518985 0 0 0.341104 0 0 
0.925921 0.0079283 0.0674961 0.111087 0.0112705 0 0.00844007 0.0689377 0.00855202 0.999966 0.204425 0.0128961 0 0.0193467 0.0401614 0.0212658 0 0.0100163 0.1476 0.457944 0.134112 0.823134 0.999965 0.999851 0.0538009 0.171104 0.0587803 0.0145332 0.252753 0.210164 0 0 0 0 0 0 0 0.999999 0 0 0 0 0 0 0.00761834 0 0 0 0 0 0 0 0 0 0 0.0211694 0 0 0 0 0 0 0 0 0 0 0 0 0 0 0 0 0 0 0 0 0 0 0 0 0 0 0 0 0 0.00413686 0.971741 0 0 0 0 0.636018 0.999682 
0.669199 0.00835034 0.0129496 0.0661308 0.69002 9.7714e-05 0.373404 0.0406562 0.0197828 5.82803e-06 0.0232776 0.0536354 0.00568559 0.0211616 0.0101464 4.04764e-05 0.000647072 0.00361897 0.0396971 0.583273 0.0684476 0.916282 0.000826452 0.999015 0.0088288 0.00987436 0.100883 0.0357672 0.349646 0.0255044 0.751915 0 0 0 2.24284e-07 7.06056e-06 0 0.999965 0.833328 0.148548 0.00610151 0 0.000590954 0 0.0211749 0 3.66317e-07 0 0 0.0348619 0 0 0 0 0 0 0 0 0 0 0 0 0 0 0 4.08501e-07 0 0 0 0 0 0 0 0 1.43348e-06 0 0 0 0.00471535 0 0 0 0 0.709489 0.0326566 0 0.125929 0 0.623584 0.92683 0.707812 0.00827388 2.44389e-05 
0.210296 0 0 0 0 0 0 0 0 0 0 0 0 0 0 0 0 0 0 0.426791 0.418689 0.785436 0 0 0 0 0 0 0 0 0 0 0 0 0 0 0 0 0 0 0 0 0 0 0 0 0 0 0 0 0 0 0 0 0 0 0 0 0 0 0 0 0 0 0 0 0 0 0 0 0 0 0 0 0 0 0 0 0 0 0 0 0 0 0 0 0.275085 0 0.127527 0 0.352817 0.978397 1 
0.139587 0.738353 0 0.532042 0 0 0 0.5698 0 5.12859e-05 0.608402 0 0 0.65666 0 0.700474 0.833332 0 0 0.652375 0.977672 0.987745 0.999966 0.999843 0 0.227333 0.52278 0.237763 0 0.334706 0 0 0 0 0 0 0 0.000311016 0 0 0 0 0 0 0 0 0 0 0 0 0 0 0 0 0 0 0 0 0 0 0 0 0 0 0 0 0 0 0 0 0 0 0 0 0 0 0 0 0 0 0 0 0 0 0 0.00334589 0.32523 0 0 0 0 0 0.999617 
0.206958 0 0 0 0 0 0 0 0 0 0 0 0 0 0 0 0 0 0 0.396021 0.893452 0.336325 1 1 0 0 0 0 0 0 0 0 0 0 0 0 0 0 0 0 0 0 0 0 0 0 0 0 0 0 0 0 0 0 0 0 0 0 0 0 0 0 0 0 0 0 0 0 0 0 0 0 0 0 0 0 0 0 0 0 0 0 0 0 0.56737 0.569842 0.361534 0 0 0 0.882404 0.354823 1 
0.762964 6.35447e-05 0.00560442 0.833302 0.000303191 0.0177865 0.651131 0.833305 0.833316 0.999055 0.00332033 0.833307 0.00262554 7.07344e-06 0.0344022 9.45181e-06 0.745182 0.833313 0.00762276 0.679677 0.296588 0.019051 0.999542 0.996249 0.748037 0.602898 0.833263 0.00167593 0.723595 0.627314 0.833314 0 0 0 0 0.763802 0.833319 0.999776 0.65589 0.833316 0.000127006 0.83332 0.833312 0.751147 0.833314 4.49127e-06 0.833319 0 0 0.701608 0.824981 0 0 0 0 0 0.83332 0.833321 0.833319 0.000223113 0 0.83332 0.833321 0 0 0 0 0 0 0.83332 0.83332 0 0 0 0 0.639074 0.628763 0 0 0 0 0 0 0.640293 0.628496 0.974614 0.816796 0.356135 0 0 0 0 0.993043 
0.392904 0 0 0 0 0 0 0 0 0 0 0 0 0 0 0 0 0 0 0.596255 0.610387 0.154062 1 1 0 0 0 0 0 0 0 0 0 0 0 0 0 1 0 0 0 0 0 0 0 0 0 0 0 0 0 0 0 0 0 0 0 0 0 0 0 0 0 0 0 0 0 0 0 0 0 0 0 0 0 0 0 0 0 0 0 0 0 0 0 0.647546 0.579326 0 0.24871 0 0.142886 0.661223 0 
0.59427 7.2883e-05 0.0138551 0.0261019 0.00155849 0.00132947 0.000320168 0.00486147 0.00152525 0 0.00466674 0.477349 0.000120121 0.00152817 0.00227113 0.00798287 0.0471321 0.000311837 0.00165359 0.637401 0.397469 0.111949 0.999992 1.36838e-05 0.000320718 0.0808424 0.303155 1.50615e-05 0.247674 0.0908464 0.019466 6.17893e-05 1.22959e-05 2.04103e-05 0 0 0.00112988 0.999992 0.000119824 0.0011384 3.66195e-05 2.19803e-05 0.00108046 0.000332547 0.00112849 0.00121698 9.61407e-05 0.000364657 0.000544851 0.00218069 0.000111601 0.000218017 0.000179466 5.00487e-05 0.000126596 0 0 0.00103281 0.00322162 0.000323343 6.30821e-05 0.0272957 0.00018875 0.000100431 8.466e-05 0 0 4.90775e-05 1.52196e-05 6.36398e-05 0.0300324 6.11595e-06 0 0 9.21915e-05 1.07113e-05 0.00042365 0.000256446 0 0.000243035 4.71234e-05 0.000100472 0 0.0486809 0 0.706244 0.835452 0.950129 0 0.798995 0 0 0.99974 
0.716705 0.00227414 0.0190008 0.00982405 0.000805677 0 0.000852908 0.004645 0.00203916 1 0.0255352 0.00169297 0 0.00226213 0.0142586 0.00711446 0 0.00163188 0.0152383 0.76287 0.238441 0.0670423 1.56365e-06 0.999999 0.00589021 0.0431039 0.0214789 0.00633287 0.115438 0.0768147 0 0 0 0 0 0 0 1 0 0 0 0 0 0 0.000534037 0 0 0 0 0 0 0 0 0 0 0.00104259 0 0 0 0 0 0 0 0 0 0 0 0 0 0 0 0 0 0 0 0 0 0 0 0 0 0 0 0 0 0.752386 0.611768 0.161253 0 0 0.844737 0 1.52836e-07 
0.28552 0 3.53946e-06 2.57613e-06 0 8.46567e-06 0.0012791 8.1698e-07 0 1 4.95143e-06 2.05936e-05 0.00187903 0 7.46801e-06 7.00973e-07 0 0 4.33335e-06 0.997347 0.956106 0.848942 0 1 1.68243e-06 0.000202592 0.00447185 3.73312e-06 0.00256952 0.000197416 0 0 0 0 0 0 0 1 0 0 0 0 0 0 0 0 0 0 0 0 0 0 0 0 0 0 0 0 0 0 0 0 0 0 0 0 0 0 0 0 0 0 0 0 0 0 0 0 0 0 0 0 0 0 0.899634 0.111914 0.198954 0.978717 0 0 0.926069 0.0371365 1 
0.107929 0.00147772 0.0100067 0.0591743 0.00153772 0.00161085 0.0153898 0.000618312 0.000174166 0 0.0104801 0.0170984 0 0 0.00168867 0.0134351 0.000200581 0.00176388 0.0101691 0.96314 0.214258 0.497655 1 1 1.35111e-06 0.0161763 0.0169054 0.0116926 0 0.0109626 0 0 0 0 0 0 0 6.77353e-07 0.000936133 0 0 0 5.31597e-05 0 0 0 0 0 0 0 0 0 0 0 0 0 0 0 6.81702e-05 0 0 0 0 0 0 0 0 0 0 0 0 0.000183435 0 0 0 0 0 0 0 0 0 0 0 0 0.200018 0.499807 0.788306 0.329758 0 0 0.855275 0.869427 0.999999 
0.436674 0 0 0 0 0 0 0 0 1 0 0 0 0 0 0 0 0 0 0.594508 0.322198 0.686702 0 0 0 0 0 0 0 0 0 0 0 0 0 0 0 1 0 0 0 0 0 0 0 0 0 0 0 0 0 0 0 0 0 0 0 0 0 0 0 0 0 0 0 0 0 0 0 0 0 0 0 0 0 0 0 0 0 0 0 0 0 0 0.903775 0.352502 0.0173732 0.877681 0 0 0 0.593088 1 
0.925892 0 0 0 0 0 0 0 0 0 0 0 0 0 0 0 0 0 0 0.983119 0.396293 0.513323 0 1 0 0 0 0 0 0 0 0 0 0 0 0 0 1 0 0 0 0 0 0 0 0 0 0 0 0 0 0 0 0 0 0 0 0 0 0 0 0 0 0 0 0 0 0 0 0 0 0 0 0 0 0 0 0 0 0 0 0 0 0 0.800775 0.193916 0.0952904 0.519623 0 0 0 0 0 
0.428696 0 0 0 0 0 0 0 0 0 0 0 0 0 0 0 0 0 0 0.276485 0.180427 0.232922 1 0 0 0 0 0 0 0 0 0 0 0 0 0 0 0 0 0 0 0 0 0 0 0 0 0 0 0 0 0 0 0 0 0 0 0 0 0 0 0 0 0 0 0 0 0 0 0 0 0 0 0 0 0 0 0 0 0 0 0 0 0 0 0.601115 0.809023 0 0.903461 0 0.671574 0.892457 0 
0.0236291 0 0 0.00537654 0 0 0 0.00544277 0 1 0.000988765 0 0 0.00431546 0 0.000505434 0.000243745 0 0 0.311866 0.42816 0.836927 0 0 0 0.0031393 0.0049643 0.00222117 0 0.00579957 0 0 0 0 0 0 0 0 0 0 0 0 0 0 0 0 0 0 0 0 0 0 0 0 0 0 0 0 0 0 0 0 0 0 0 0 0 0 0 0 0 0 0 0 0 0 0 0 0 0 0 0 0 0 0 0 0.542391 0 0 0 0.761169 0 0 
0.996692 0 0 0 0 0 0 0 0 1 0 0 0 0 0 0 0 0 0 0.903757 0.924043 0.747634 0 1 0 0 0 0 0 0 0 0 0 0 0 0 0 1 0 0 0 0 0 0 0 0 0 0 0 0 0 0 0 0 0 0 0 0 0 0 0 0 0 0 0 0 0 0 0 0 0 0 0 0 0 0 0 0 0 0 0 0 0 0 0.296842 0.677888 0.262745 0.29504 0 0 0 0.926115 1 
0.969856 0.000555836 0.0190346 0.00402088 0.00847928 0.0299546 0.0462051 0.00431055 0.00164144 1.5621e-07 0.00546462 0.00937887 0.47843 0.00388227 0.0692288 0.000115852 4.12572e-05 0.0152617 0.0686945 0.745004 0.123927 0.100765 0.999968 2.4316e-05 0.00423044 0.0301828 0.0922832 0.170516 0.437263 0.179725 0.000568451 0.000792488 8.69318e-05 0.000135265 0.0251059 0.0092357 0.000872657 0.999995 0.000527693 8.13263e-05 0.000639898 4.34157e-06 0.000195619 0.000116466 0.00139642 6.67736e-05 9.9758e-07 1.32436e-05 2.48846e-05 1.76074e-05 2.69011e-05 1.00585e-07 0 0 0 0 1.57801e-06 3.34176e-07 1.27211e-07 1.52662e-07 0 0 0 0 0 0 1.52007e-05 0 0 0 0 0 0 0 0 0 1.82495e-06 0 6.26212e-05 0 0 0 0 0.0209046 0.697892 0.758557 0.127587 0.102972 0 0 0.946628 0.478471 5.72107e-06 
0.141046 0 0 0 0 0 0 0 0 0 0 0 0 0 0 0 0 0 0 0.305818 0.401756 0.490198 1 1 0 0 0 0 0 0 0 0 0 0 0 0 0 1 0 0 0 0 0 0 0 0 0 0 0 0 0 0 0 0 0 0 0 0 0 0 0 0 0 0 0 0 0 0 0 0 0 0 0 0 0 0 0 0 0 0 0 0 0 0 0.281272 0.315066 0.453998 0 0.783885 0 0.559606 0.237074 1 
0.587846 0 0 0 0 0 0 0 0 1 0 0 0 0 0 0 0 0 0 0.760432 0.102065 0.599633 1 0 0 0 0 0 0 0 0 0 0 0 0 0 0 1 0 0 0 0 0 0 0 0 0 0 0 0 0 0 0 0 0 0 0 0 0 0 0 0 0 0 0 0 0 0 0 0 0 0 0 0 0 0 0 0 0 0 0 0 0 0 0 0.457731 0.767047 0.614727 0.821243 0 0 0.919996 0 
0.866807 0 0 0 0 0 0 0 0 0 0 0 0 0 0 0 0 0 0 0.0480476 0.402505 0.993593 0 1 0 0 0 0 0 0 0 0 0 0 0 0 0 1 0 0 0 0 0 0 0 0 0 0 0 0 0 0 0 0 0 0 0 0 0 0 0 0 0 0 0 0 0 0 0 0 0 0 0 0 0 0 0 0 0 0 0 0 0 0 0.768854 0.840239 0.855835 0 0 0 0.45794 0 0 
0.00158397 0 0 0.000743366 0 0 0 0.000869385 0 1 0.000105185 0 0 0.000848635 0 0.00343968 0.000507063 0 0 0.864974 0.415499 0.363784 2.77885e-07 0 0 0.0369142 0.000827814 0.00145227 0 0.00173752 0 0 0 0 0 0 0 1 0 0 0 0 0 0 0 0 0 0 0 0 0 0 0 0 0 0 0 0 0 0 0 0 0 0 0 0 0 0 0 0 0 0 0 0 0 0 0 0 0 0 0 0 0 0 0 0.684304 0.629425 0.676397 0 0 0.107686 0.172043 0.999999 
0.418495 7.68144e-05 0.000101634 0.00206873 0.560748 1.2446e-05 0.833331 0.000166817 3.45883e-06 0.99984 0.000202612 0.0986717 0.00193923 2.59509e-05 0.56242 0 0 0.599363 0.0155918 0.68435 0.08902 0.0667308 0.999908 7.12116e-05 0.0315592 0.0101911 0.256489 0.0806115 0.392609 0.161217 3.27108e-06 0 0 0 0 0.000670925 0 0.999993 5.06109e-05 0.00014094 0.0648771 0 4.25728e-05 2.66881e-07 1.56898e-05 0 0 1.71427e-07 0 0.00762143 0 0 0 1.43226e-05 1.85811e-05 0 3.20206e-07 0 0 0 0 0 0 0 0 0 6.97545e-07 0 0 0 0 0 0 0 8.18437e-06 0 0 0 5.57317e-05 0 0 0 0 0.000986301 0.905727 0.883692 0.0139276 0 0 0.606002 0.840083 0.148757 2.68295e-05 
0.850073 0.000428118 0.0289778 0.0180362 0.00481106 0.000142439 0.00170284 0.0138305 0.00371711 1 8.38113e-06 0.0126375 0.000123183 0.000137585 0.000189044 0.0521017 4.02398e-05 0.0107187 0.00115983 0.757098 0.743857 0.361916 1.74604e-06 0.999998 1.71629e-05 0.000643192 0.029655 0.211301 0.138542 0.0172308 0.00787206 0.00731001 0.00652073 0.0103328 0 3.56596e-07 0.00563113 2.68453e-06 0.00096648 1.19212e-05 0.00180833 0.000509289 0.00058125 0.000576601 7.9208e-06 0.000336631 2.50582e-06 0.000666917 0.000108359 0.000173228 3.14931e-07 4.53386e-05 3.74429e-06 8.04716e-07 2.02852e-07 0 0 9.18553e-07 7.24511e-06 1.33426e-06 7.87521e-07 5.02935e-07 0 1.69796e-07 6.30147e-07 0 0 1.27466e-07 0 0 4.21166e-07 0 0 0 2.77648e-07 0 0 1.50735e-07 0 1.1505e-07 0 0 0 0.0250394 0.290146 0.272398 0.83422 0.047379 0 0 0 0 0 
0.846664 0.00110108 0.00556431 0.0008677 0.00592913 0.00416308 0.484837 0.0070588 0 1.43257e-05 0.0152226 0.040228 0.00263799 0.00152267 0.0116714 3.83832e-06 0 0.00383333 0.0156464 0.672795 0.176568 0.164716 7.11489e-05 0.999934 0.0132862 0.0226944 0.207348 0.0201708 0.377535 0.0824558 0 0 0 0 0.003963 0.214514 0 0.999998 0 0 0.0129481 0 4.23538e-07 0 0 0 4.41895e-05 4.06749e-07 0 0 0 0 0 0 0 0 0.000329305 0 0 0 0 0 0 0 0 0 0 0 0 0 0 0 0 0 0 0 0 0 0 0 0 0 0 0.000347244 0.624993 0.937745 0.194064 0 0 0 0 0.923069 5.86886e-06 
0.616218 0 0 0 0 0 0 0 0 0 0 0 0 0 0 0 0 0 0 0.194051 0.95631 0.313616 1 1 0 0 0 0 0 0 0 0 0 0 0 0 0 1 0 0 0 0 0 0 0 0 0 0 0 0 0 0 0 0 0 0 0 0 0 0 0 0 0 0 0 0 0 0 0 0 0 0 0 0 0 0 0 0 0 0 0 0 0 0 0 0 0.717886 0.870275 0.588818 0 0.109518 0 1 
0.901209 0 0 0 0 0 0.0390631 0 0 1 0 0 0 0 0 0 0 0 0 0.045402 0.538669 0.938494 1 3.1084e-07 0 0 0 0 0.0302533 0 0 0 0 0 0 0 0 1 0 0 0 0 0 0 0 0 0 0 0 0 0 0 0 0 0 0 0 0 0 0 0 0 0 0 0 0 0 0 0 0 0 0 0 0 0 0 0 0 0 0 0 0 0 0 0.475492 0.798737 0.956187 0.687488 0.586496 0 0 0.990998 0 
0.531727 0.540861 0 0 0 0 0 0 0 8.96425e-07 0 0.591972 0 0 0 0 0 0 0 0.664633 0.151929 0.097091 0.000303773 0.999781 0.00866235 0.0982769 0.052339 0.0345841 0.265377 0.124683 2.05896e-05 0 0 0 0 0 0 0.000531846 0 0 0 0 0 0 0 0 0 0 0 0 0 0 0 0 0 0 0 0 0 0 0 0 0 0 0 0 0 0 0 0 0 0 0 0 0 0 0 0 0 0 0 0 0 0 0.560692 0.0267761 0.58067 0 0 0.0220418 0.830184 0.819582 3.44018e-05 
0.743565 0 0 0 0 0 0 0 0 0 0 0 0 0 0 0 0 0 0 0.125763 0.126477 0.731054 1 0 0 0 0 0 0 0 0 0 0 0 0 0 0 0 0 0 0 0 0 0 0 0 0 0 0 0 0 0 0 0 0 0 0 0 0 0 0 0 0 0 0 0 0 0 0 0 0 0 0 0 0 0 0 0 0 0 0 0 0 0 0.410031 0.302885 0.971836 0.257736 0.932344 0 0 0 0 
0.631508 0.000846931 0.000262068 0.0683427 0.00141945 0.00067932 0.0305114 0.00634324 6.15421e-05 1 0.00104736 0.001328 0.00896873 0.000977451 3.30853e-05 0.00176624 0.000391806 0.000415803 0.00674846 0.556165 0.303733 0.366821 2.36151e-06 0.999998 0.0258343 0.00161654 0.219243 0.0644837 0.0412924 0.0467841 0 0 0 0 0 0 0 4.4547e-06 0 3.63919e-06 1.09222e-05 0 8.97729e-05 5.88486e-05 6.26308e-05 0 0 0 0 3.54309e-05 0 0 0 0 0 0 0 0 0 0 0 0 0 0 0 0.000178971 4.13222e-06 0 0 0 0 0 0 0 1.35729e-05 0 0 0 1.41037e-06 0 0 0 0.000363674 4.22738e-07 0 0.0649394 0.0130842 0 0 0.401322 0.269211 0 0 
0.527195 4.67442e-06 1.54032e-05 9.35613e-05 4.02327e-06 0 1.91241e-06 1.46958e-05 4.41865e-07 0 9.6895e-05 3.637e-06 0 3.5374e-06 2.8333e-06 7.12432e-06 0 4.8511e-06 1.25923e-05 0.971237 0.955375 0.342545 1 0 8.58226e-06 2.90376e-05 1.41974e-05 7.86924e-07 1.22427e-05 1.4928e-05 0 0 0 0 0 0 0 0 0 0 0 0 0 0 1.70917e-06 0 0 0 0 0 0 0 0 0 0 0 0 0 0 0 0 0 0 0 0 0 0 0 0 0 0 0 0 0 0 0 0 0 0 0 0 0 0 0 0 0.782265 0.475226 0 0 0 0.449687 0.519965 0 
0.842677 0 0 0 0 0 0 0 0 1 0 0 0 0 0 0 0 0 0 0.34237 0.948439 0.192715 0 0 0 0 0 0 3.90182e-06 8.20812e-06 0 0 0 0 0 0 0 1 0 0 0 0 0 0 0 0 0 0 0 0 0 0 0 0 0 0 0 0 0 0 0 0 0 0 0 0 0 0 0 0 0 0 0 0 0 0 0 0 0 0 0 0 0 0 0 0.30843 0.651572 0.678522 0 0 0.592061 0 1 
0.927842 0.833334 0 0 0.745816 0 0 0 0 0.999948 0 0 0 0 0 0 0 0 0 0.596818 0.786918 0.104113 0.999967 3.23575e-05 0 0.0211847 0.0252881 0.747496 0.650306 0.746683 0.661441 0 0 0 0 0 0 0.999995 0 0 0 0 0 0 0 0 0 0 0 0 0 0 0 0 0 0 0 0 0 0 0 0 0 0 0 0 0 0 0 0 0 0 0 0 0 0 0 0 0 0 0 0 0 0.833332 0 0.0710031 0.965175 0.588442 0 0.619984 0.128109 0.188348 1.45815e-05 
0.825695 0 0 0 0 0 0 0 0 0 0 0 0 0 0 0 0 0 0 0.11092 0.283898 0.675783 0 1 0 0 0 0 0 0 0 0 0 0 0 0 0 0 0 0 0 0 0 0 0 0 0 0 0 0 0 0 0 0 0 0 0 0 0 0 0 0 0 0 0 0 0 0 0 0 0 0 0 0 0 0 0 0 0 0 0 0 0 0 0 0.752289 0.97743 0.911328 0.855138 0 0.893079 0.378328 1 
0.61692 0 0 0 0 0 0 0 0 0 0 0 0 0 0 0 0 0 0 0.744828 0.47171 0.0623465 1 0 0 0 0 0 0 0 0 0 0 0 0 0 0 0 0 0 0 0 0 0 0 0 0 0 0 0 0 0 0 0 0 0 0 0 0 0 0 0 0 0 0 0 0 0 0 0 0 0 0 0 0 0 0 0 0 0 0 0 0 0 0 0.928092 0.463704 0.371142 0.973964 0 0.317408 0 1 
0.0510394 0 0.00899507 0.0161176 0.00319743 0.753181 0.615999 0.00225091 0.000135593 0 0.000851713 0.0585667 5.28137e-05 0 0.00666508 0.0757044 0.00217934 0.00249795 0.0538101 0.75993 0.1858 0.803931 0.999997 0.999974 5.23887e-05 0.0523492 0.443091 0.011065 0.00495186 0.0822202 0 0 0 0 0 0 0 9.06981e-05 0.00285731 0 0 0 0.00086917 0 0 0 0 0 0 0 0 0 0 0 0 0 0 0 0.000545738 0 0 0 0 0 0 0 0 0 0 0 0 0.00184701 0 0 0 0 0 0 0 0 0 0 0 0 0.686384 0.947983 0.227278 0.471773 0 0.201594 0.713401 0 5.31045e-07 
0.00542941 0.0144495 0.0763954 0.0163721 0.0424716 0.000497013 0.00440591 0.0406199 0.040335 0.999977 0.417178 0.227572 0 0 0.0371087 0.00110462 0.00194192 0.00361051 0.0973355 0.891871 0.217934 0.140456 0.000110651 0.999952 0.00747745 0.147219 0.102231 0.147148 0.0166243 0.185512 0 0 0 0 0 0 0 0.000169928 0.00388648 0 0 0 0.00132966 0 0 0 0 2.18387e-07 0 0 0 0 0 0 0 0 0 0 0.000509254 0 0 0 0 0 0 0 0 0 1.23048e-07 0 0 0.00421516 0 1.15995e-07 0 0 0 0 0 0 0 0 0 0 0.482429 0.0725424 0.688141 0.236572 0 0.321186 0 0.318244 0.999919 
0.959908 1.78821e-06 0.0105333 7.35582e-05 9.52213e-06 3.71519e-05 8.13117e-05 5.38274e-06 1.77375e-06 0 7.87563e-05 1.81033e-07 0.147428 1.37796e-06 0.00257128 0 0 5.63088e-06 0.0169924 0.214096 0.528718 0.380564 1 0.999999 7.31879e-05 0.000375216 0.00770885 1.72451e-05 0.133066 0.0106353 4.13409e-05 1.17561e-06 9.78503e-06 9.22849e-07 1.65723e-07 0 9.23815e-07 7.81872e-07 2.1198e-07 0 0 0 0 0 1.36339e-06 0 0 0 0 0 0 0 0 0 0 0 0 0 0 0 0 0 0 0 0 0 0 0 0 0 0 0 0 0 0 0 0 0 0 0 0 0 0 0.0148304 0.908733 0.347577 0.762208 0.6761 0 0.596949 0.766204 0.682625 0.999999 
0.720673 0.00230443 0.080695 0.111615 3.81127e-05 0 0.00209291 0.621073 0.710024 0.999837 0.23329 0.000418548 0 0.00420909 0.678636 0.763535 0 0.650024 0.625723 0.51131 0.0737624 0.0420451 0.999835 0.000136248 0.0291883 0.248691 0.0329479 0.550024 0.283837 0.22743 0 0 0 0 0 0 0 0.00137181 0 0 0 0 0 0 0.000362068 0 0 0 0 0 0 0 0 0 0 0.0347095 0 0 0 0 0 0 0 0 0 0 0 0 0 0 0 0 0 0 0 0 0 0 0 0 0 0 0 0 0 0 0.471658 0 0 0 0 0 5.93478e-05 
0.598709 0.0112953 0.0139271 0.0130842 0.00347009 0 0.00267718 0.0142443 0.000326773 0 0.0337086 0.00196926 0 0.00593553 0.0050707 0.00867845 0 0.00507898 0.0176305 0.839385 0.803605 0.108038 2.54388e-07 0 0.00958257 0.0302738 0.0140455 0.00280465 0.0137555 0.0179751 0 0 0 0 0 0 0 1 0 0 0 0 0 0 0.000349803 0 0 0 0 0 0 0 0 0 0 0.000389167 0 0 0 0 0 0 0 0 0 0 0 0 0 0 0 0 0 0 0 0 0 0 0 0 0 0 0 0 0.662524 0.547993 0.769599 0 0 0 0 0 0 
0.212483 0 0 0 0 1.52745e-07 5.12176e-07 0 0 1 0 0 0 0 0 0 0 0 0 0.590264 0.868544 0.610158 1 0 0 1.16087e-07 4.29834e-07 0 0 0 0 0 0 0 0 0 0 1 0 0 0 0 0 0 0 0 0 0 0 0 0 0 0 0 0 0 0 0 0 0 0 0 0 0 0 0 0 0 0 0 0 0 0 0 0 0 0 0 0 0 0 0 0 0 0.5337 0.734677 0.33825 0.0548746 0.0914673 0 0.126225 0.222355 0 
0.299764 0 0 0 0 0 0 0 0 0 0 0 0 0 0 0 0 0 0 0.363579 0.507722 0.507145 0 1 0 0 0 0 0 0 0 0 0 0 0 0 0 0 0 0 0 0 0 0 0 0 0 0 0 0 0 0 0 0 0 0 0 0 0 0 0 0 0 0 0 0 0 0 0 0 0 0 0 0 0 0 0 0 0 0 0 0 0 0 0.641616 0.43047 0.690622 0.0448181 0 0 0.743595 0.0201429 0 
0.981755 0 0 0 0.000107707 8.31097e-06 0.000292167 0 0 0 0 8.72813e-06 8.78764e-07 0 7.68492e-05 0 0 6.82172e-05 0.00527122 0.182779 0.872749 0.141971 1 1 0 0 2.74075e-05 7.0883e-05 0.00388807 1.2818e-05 0 0 0 0 9.31607e-06 2.57539e-06 0 1 0 0 0 0 0 0 0 0 0 0 0 0 0 0 0 0 0 0 0 0 0 0 0 0 0 0 0 0 0 0 0 0 0 0 0 0 0 0 0 0 0 0 0 0 0 7.55828e-06 0.153533 0.946999 0.0685389 0 0 0 0.897999 0.336691 0 
0.968342 0 0 0 0 0 0 0 0 1 0 0 0 0 0 0 0 0 0 0.338831 0.185203 0.906462 0 1 0 0 0 0 0 0 0 0 0 0 0 0 0 1 0 0 0 0 0 0 0 0 0 0 0 0 0 0 0 0 0 0 0 0 0 0 0 0 0 0 0 0 0 0 0 0 0 0 0 0 0 0 0 0 0 0 0 0 0 0 0 0.0808704 0.845893 0.457199 0.854436 0 0.669154 0.766919 1 
0.434033 1.56989e-07 0.239767 0.0378735 0.0164958 0.00996968 0.0501249 0.00437142 0.000152189 0.999919 0.0270796 0.00423563 0.0118853 0.00446337 0.0163947 3.27239e-05 0.00115685 0.00643295 0.420782 0.613475 0.103582 0.0866826 0.000344211 4.30969e-05 0.125421 0.0282399 0.114818 0.217439 0.292597 0.10065 5.20406e-05 0 0 0 0 0 0 0.999993 0.000129006 0.030802 0.00213888 0 0.00752689 0.000167709 0.00419383 2.76426e-07 0 6.72092e-06 0 0.000137578 0 0 2.32852e-07 0 0 0 0 0 0 5.93949e-05 2.37989e-06 0 0 5.95787e-06 3.05318e-06 0.000102565 7.56316e-05 4.93768e-07 0 0 0 2.08191e-05 0 0 0.000257519 3.41853e-05 0 7.02824e-06 0.833332 2.6495e-05 1.4289e-05 2.9795e-06 4.10619e-06 0.000229527 0 0 0.148104 0 0 0.765334 0.862141 0 0.999033 
0.947323 3.17518e-07 4.08473e-06 9.33418e-07 8.04531e-07 0 1.22817e-07 4.18843e-06 3.27305e-07 1 1.66641e-06 0 1.10412e-07 0 0 0 0 0 0 0.303367 0.278244 0.930784 0 0 4.5009e-07 0 1.506e-06 0 9.082e-06 0.000921193 2.13006e-06 3.88272e-07 4.7475e-07 2.69334e-07 0 0 3.04566e-07 0 0 0 0.000704216 0 0 0 0 0 0 0 0 0 0 0 0 0 0 0 0 0 0 0 0 0 0 0 0 0 0 0 0 0 0 0 0 0 0 0 0 0 0 0 0 0 0 4.63859e-07 0 0.161214 0.334143 0.204872 0 0 0 0.582759 0 
0.741922 8.63633e-06 0.00014208 7.95172e-06 3.60491e-06 8.19397e-07 2.09852e-06 4.2802e-05 9.19098e-06 1 2.76061e-05 4.78092e-05 3.31076e-05 5.68702e-06 3.92019e-06 3.74448e-06 5.32063e-07 1.43467e-07 2.00844e-05 0.980668 0.72688 0.62313 6.63781e-07 1.39611e-07 0.00834984 4.45061e-07 0.0241763 0 0.00946669 0.0537893 9.89422e-06 1.40178e-05 3.04536e-06 3.3452e-05 0 7.70712e-07 1.26798e-05 1 4.61732e-07 0 0.0108668 9.77466e-07 1.58612e-06 4.60121e-07 0 1.14155e-06 2.43735e-06 2.04073e-07 2.90827e-07 1.16559e-07 0 0 0 0 0 0 0 0 1.49194e-07 0 0 0 0 0 0 0 0 0 0 0 0 0 0 5.58341e-05 0 0 0 0 0 0 0 0 0 0.000353896 0 0.632717 0.413327 0.390852 0 0.191132 0.0262122 0.94735 1 
0.156948 0.00177001 0.0342252 0.461951 0.0101156 0.014093 0.0266223 0.0096374 0.010477 0 0.0381716 0.118388 2.75048e-05 7.44146e-05 0.00370646 0.0287322 0.00127451 0.000475015 0.0225966 0.640538 0.199393 0.908456 0.999996 1.44298e-05 0.000674018 0.0790935 0.14156 0.0563077 0.0472549 0.168396 0.00399173 0 0 0 0 0 0 8.79068e-05 0.000825566 0.00187517 0 3.50958e-07 0.00596207 0.000670062 0.010203 0 0 1.05562e-07 0 0.00242663 0 0 0 0 0 0 1.17515e-05 0 0.000692383 0 0 3.74507e-07 0.00104035 0 0 9.05783e-07 0.00143635 0 0 0.000352835 3.751e-07 0.00090462 0 0 0 0 4.43831e-07 0 1.43422e-05 0 0 0 0 0.00119326 0 0.997928 0.309182 0 0.167613 0 0.941359 0.372762 0.999869 
0.68023 0 0 0 0 0 0 0 0 1 0 0 0 0 0 0 0 0 0 0.950247 0.970504 0.678384 0 1 0 0 0 0 0 0 0 0 0 0 0 0 0 0 0 0 0 0 0 0 0 0 0 0 0 0 0 0 0 0 0 0 0 0 0 0 0 0 0 0 0 0 0 0 0 0 0 0 0 0 0 0 0 0 0 0 0 0 0 0 0.93743 0.753294 0.908132 0 0 0 0.42646 0.0476606 0 
0.952322 0 1.18229e-07 2.04197e-07 0 0 0 0 0 0 0.0860015 0 0 0 0 0 0 0 2.73807e-06 0.185427 0.488264 0.857077 0 0 2.30289e-06 0 0 0 0.0686652 0.077678 0 0 0 0 0 0 0 4.17762e-07 0 0 0 0 0 0 0 0 0 0 0 0 0 0 0 0 0 8.57566e-07 0 0 0 0 0 0 0 0 0 0 0 0 0 0 0 0 0 0 0 0 0 0 0 0 0 0 0 0 0.157131 0.586108 0.699224 0 0.153484 0 0 0 0.999999 
0.232143 1.68593e-06 0.000728571 0.00530212 3.14102e-06 0.00365124 0.0012362 2.5349e-06 1.21211e-06 1 0.000763979 6.3135e-05 1.74271e-07 2.35e-05 2.81015e-06 3.70093e-06 0 1.66419e-05 5.66659e-05 0.985729 0.974306 0.0948527 0 0 2.53978e-07 0.00149162 3.74497e-05 1.50546e-05 2.57492e-05 5.25997e-05 0 0 0 0 0 0 0 1 0 0 0 0 0 0 0 0 0 0 0 0 0 0 0 0 0 0 0 0 0 0 0 0 0 0 0 0 0 0 0 0 0 0 0 0 0 0 0 0 0 0 0 0 0 0 0.241126 0.358712 0.0324726 0 0 0 0.957432 0.789553 0 
0.515814 0.413949 0.000638063 0.00188947 0.00267637 0 0 0 0 0.999997 0.00189203 0 0 0 0 0 0 0 0 0.817144 0.0321556 0.308133 1 1.8677e-06 0 0.00653083 0.354067 0 0.00362837 0.00465419 0 0 0 0 0 0 0 1 0 0 0 0 0 0 0 0 0 0 0 0 0 0 0 0 0 0 0 0 0 0 0 0 0 0 0 0 0 0 0 0 0 0 0 0 0 0 0 0 0 0 0 0 0 0 0 0.111495 0.509737 0.202915 0 0 0.394347 0.0774637 0.999983 
0.324004 0.467648 2.05726e-07 5.77767e-07 3.03507e-06 5.92843e-06 6.34088e-06 5.70251e-05 0 0 0.000183048 1.75215e-07 0 0 4.03355e-06 0 0 0 1.10827e-07 0.652345 0.131321 0.749081 0.999984 0.999962 0.366163 0.00208341 5.38667e-07 0.0016047 0.294613 0.131166 0 0 0 0 0 0 0 6.6121e-05 0 0 0 0 0 0 0 0 0 0 0 0 0 0 0 0 0 0 0 0 0 0 0 0 0 0 0 0 0 0 0 0 0 0 0 0 0 0 0 0 0 0 0 0 0 0 0.30048 0.624984 0.17941 0 0.187736 0 0 0.140015 0.999997 
0.809068 0 0 0 0 0 0 0 0 1 0 0 0 0 0 0 0 0 0 0.213562 0.936473 0.899563 0 0 0 0 0 0 0 0 0 0 0 0 0 0 0 0 0 0 0 0 0 0 0 0 0 0 0 0 0 0 0 0 0 0 0 0 0 0 0 0 0 0 0 0 0 0 0 0 0 0 0 0 0 0 0 0 0 0 0 0 0 0 0.0915623 0.521145 0.866603 0 0.244256 0 0 0.0309267 0 
0.54363 3.68971e-05 0.000116024 0.000116029 5.20524e-05 4.63884e-05 0.000903781 9.68627e-05 0 0 0.000119048 0.000326603 0.000366196 5.49588e-05 0.000809325 4.59407e-06 0 0.000150221 0.000119419 0.99691 0.102938 0.768563 0 0 2.56487e-05 0.000111477 0.00023812 0.000380421 0.00110615 5.29837e-05 0 0 0 0 0 7.49671e-06 0 0 0 0 6.20794e-07 0 0 0 0 0 6.21059e-07 7.16782e-07 0 0 0 0 0 0 0 0 1.42708e-05 0 0 0 0 0 0 0 0 0 0 0 0 0 0 0 0 0 0 0 0 0 0 0 0 0 0 0 0.518497 0.576799 0.137554 0.267386 0 0 0 0.909516 1 
0.0464467 0 0 0.000143845 0 0 0 0.000130153 0 1 0.00256704 0 0 0.00124756 0 0.00117768 0.00107107 0 0 0.408451 0.51479 0.344949 1 1 0 0.0101224 0.000114077 0.000703937 0.00165848 0.00283742 0 0 0 0 0 0 0 1.14771e-07 0 0 0 0 0 0 0 0 0 0 0 0 0 0 0 0 0 0 0 0 0 0 0 0 0 0 0 0 0 0 0 0 0 0 0 0 0 0 0 0 0 0 0 0 0 0 0 0.236279 0.124363 0 0.589681 0 0 0 1 
0.879388 0 0 0 0 0 0 0 0 0 0.0198402 0 0 0 0 0 0 0 0 0.68429 0.307679 0.117985 1 1 0 0 0 0 0.0149574 0.017386 0 0 0 0 0 0 0 1 0 0 0 0 0 0 0 0 0 0 0 0 0 0 0 0 0 0 0 0 0 0 0 0 0 0 0 0 0 0 0 0 0 0 0 0 0 0 0 0 0 0 0 0 0 0 0 0.12096 0.428775 0.595845 0.786941 0 0 0 0 
0.621827 0.000109642 0.00340891 0.000151715 0.000644735 0.000678996 0.00144274 0.000904764 0 0.999974 0.513173 0.0033466 0.00143324 0.00344064 0.000458458 0.00169193 0 0.00013168 0.00113606 0.767613 0.199364 0.100892 0.000142111 2.93652e-05 0.0150974 0.0518028 0.0730565 0.000470776 0.21627 0.116429 0 0 0 0 2.94727e-07 0.000378326 0 0.000196181 0 0 0.0213993 0 0.00488415 0 1.47289e-05 0 0.000309588 2.94737e-07 0 0 0 0 0 0 0 0 1.42895e-05 0 0 0 0 0 0 0 0 0 0 0 0 0 0 0 2.47771e-05 0.000182389 0 0 0 0 0 0 0 0 0 1.2828e-05 0.553543 0 0.845951 0 0 0 0 0.866272 0.999997 
0.718922 0 0 0 0 0 0 0 0 1 0 0 0 0 0 0 0 0 0 0.556677 0.966645 0.556027 1 1 0 0 0 0 0 0 0 0 0 0 0 0 0 0 0 0 0 0 0 0 0 0 0 0 0 0 0 0 0 0 0 0 0 0 0 0 0 0 0 0 0 0 0 0 0 0 0 0 0 0 0 0 0 0 0 0 0 0 0 0 0 0.440352 0.0439214 0.0643255 0.277289 0 0.0719351 0 1 
0.092248 0.00800185 0.318667 0.0323211 0.239936 1.10574e-06 0.00935036 0.0342581 0.0280378 0 0.165799 0.0928039 8.52076e-07 0.0129617 0.0405482 0.0131154 0.0162894 0.00423419 0.0257336 0.660218 0.225143 0.180985 0.999996 9.19124e-06 0.0196872 0.221008 0.150129 0.154701 0.00145375 0.166147 0.000166649 0 0 0 0 0 0 0.999999 0.0377911 0.000149839 0 0 0.0194046 0 2.70888e-05 0 0 1.48902e-05 0 0.000103737 0 0 1.07618e-07 4.55329e-06 0 0 0 0 0.00330797 7.06857e-06 4.43166e-06 0 0 8.48888e-06 8.82054e-06 0 0 7.06978e-05 0 0 0 0.0560665 2.04929e-05 0 3.94267e-05 0 0 0.000175661 0 0.000690141 0 3.39846e-05 0 1.05563e-07 0.0593876 0.177318 0.622033 0.112645 0 0 0 0.104537 4.72853e-06 
0.0867721 0 0 2.90108e-06 0 0 0 0 0 0 0 0 0 0 0 0 0 0 0 0.712989 0.98206 0.536656 1 0 0 0 0 0 0 0 0 0 0 0 0 0 0 1 0 0 0 0 0 0 0 0 0 0 0 0 0 0 0 0 0 0 0 0 0 0 0 0 0 0 0 0 0 0 0 0 0 0 0 0 0 0 0 0 0 0 0 0 0 0 0.0163437 0.0370117 0.313692 0.409385 0.494056 0 0.838908 0.0878076 0 
0.392781 0 0 0 0 0 0 0 0 1 0 0 0 0 0 0 0 0 0 0.846659 0.324625 0.741681 1 1 0 0 0 0 0 0 0 0 0 0 0 0 0 0 0 0 0 0 0 0 0 0 0 0 0 0 0 0 0 0 0 0 0 0 0 0 0 0 0 0 0 0 0 0 0 0 0 0 0 0 0 0 0 0 0 0 0 0 0 0 0 0.890855 0.748309 0 0 0 0.898605 0.628227 1 
0.040635 0.00378775 0.0031245 0.224292 0.0093554 0.0100665 0.0738486 0.0253918 0.000495739 0.999997 0.295292 0.0191242 3.20164e-07 0 0.0117662 0.000147995 0.000400886 0.0804584 0.00480479 0.909311 0.956005 0.364622 0.999999 1.74021e-06 0.0177158 0.136674 0.0940101 0.310578 3.26494e-05 0.0782921 0 0 0 0 0 0 0 2.16603e-05 0.000828198 0 0 0 0.000221976 0 0 0 0 0 0 0 0 0 0 0 0 0 0 0 0.000195006 0 0 0 0 0 0 0 0 0 0 0 0 0.000538365 0 0 0 0 0 0 0 0 0 0 0 0 0.829364 0.142679 0.0576869 0.199759 0 0 0.191138 0.596049 0.999986 
0.516228 9.31641e-05 0.0068637 0.00610185 0.00112039 0.00243195 0.000410331 0.00374043 0.000419268 1.1175e-06 0.00406189 0.00283081 0.00226909 0.00367088 0.00199759 0.00265788 0.653377 0.000125687 0.697724 0.664605 0.30299 0.0687523 0.000598318 0.999455 0.000907658 0.273463 0.276162 0.00391191 0.256681 0.203907 0.000212942 1.01054e-06 0 0 0 4.82192e-05 0.000168285 0.999954 0.74942 0.00141509 2.6909e-07 0 0.112301 1.61351e-05 0.000251585 3.10144e-05 5.9314e-05 3.67344e-05 1.87229e-05 0.0010336 1.51258e-05 6.06478e-06 8.88489e-06 1.05845e-06 8.19805e-06 0 0 0.000165274 0.753246 0.00029602 8.66301e-06 1.1936e-06 1.59343e-05 4.78668e-06 9.19845e-06 6.13168e-07 0 7.76996e-07 5.38657e-06 5.99728e-07 1.19618e-06 0.000445044 1.2826e-05 1.44282e-07 8.03025e-06 0.833331 3.94975e-06 6.67335e-05 0 6.31294e-05 0.833331 4.79338e-06 0.65292 0.0506688 0 0.515309 0.825045 0 0 0.2769 0 0 0.998939 
0.156382 0 0 0 0 0 0 0 0 1 0 0 0 0 0 0 0 0 0 0.64281 0.218382 0.661072 1 1 0 0 0 0 0 0 0 0 0 0 0 0 0 1 0 0 0 0 0 0 0 0 0 0 0 0 0 0 0 0 0 0 0 0 0 0 0 0 0 0 0 0 0 0 0 0 0 0 0 0 0 0 0 0 0 0 0 0 0 0 0.277966 0 0.328782 0.361805 0.823349 0 0.874992 0 0 
0.778528 6.42233e-06 0.000249601 0.000260919 0.000116269 0 3.77499e-05 0.000122616 9.22316e-06 0 0.000321536 8.61862e-05 0 2.19315e-05 1.64492e-05 4.92982e-05 0 1.06355e-05 0.00038035 0.214607 0.646885 0.0221575 0 0 0.00026654 0.000293543 0.000139028 1.10116e-05 0.000214513 0.000464541 0 0 0 0 0 0 0 1 0 0 0 0 0 0 8.05044e-05 0 0 0 0 0 0 0 0 0 0 5.00931e-05 0 0 0 0 0 0 0 0 0 0 0 0 0 0 0 0 0 0 0 0 0 0 0 0 0 0 0 0 0 0.429117 0.0629184 0 0 0 0.108346 0.581922 1 
0.908882 0 0 0 0 0 0 0 0 1 0 0 0 0 0 0 0 0 0 0.662902 0.396782 0.912442 1 0 0 0 0 0 0 0 0 0 0 0 0 0 0 1 0 0 0 0 0 0 0 0 0 0 0 0 0 0 0 0 0 0 0 0 0 0 0 0 0 0 0 0 0 0 0 0 0 0 0 0 0 0 0 0 0 0 0 0 0 0 0.452985 0.979329 0.0539837 0.650652 0 0 0.205172 0 1 
0.14761 0 0.000294761 1.68283e-05 0.000122226 0 9.70366e-07 8.54905e-05 0 0 1.29448e-05 5.54449e-07 0 4.92557e-05 3.9366e-05 3.37025e-05 0.000217814 9.83089e-07 1.82281e-05 0.264661 0.625516 0.163643 0 0 0 0.000256516 0.000167278 3.25885e-05 0 4.57279e-05 0 0 0 0 0 0 0 0 5.94392e-05 0 0 0 0.000126297 0 0 0 0 0 0 0 0 0 0 0 0 0 0 0 0.000152243 0 0 0 0 0 0 0 0 0 0 0 0 9.70506e-05 0 0 0 0 0 0 0 0 0 0 0 0 0 0.933769 0.828008 0.827392 0 0 0.37816 0 0 
0.903206 1.27095e-05 0.19648 0.558095 0.00485201 0.0144338 0.0069291 0.0144349 0.0181962 0 0.00738926 0.00436618 0.000738024 0.00218681 0.026809 0.00308617 0.0396495 0.000267941 0.0375482 0.652882 0.377138 0.05208 0.000734828 8.85441e-05 0.000474592 0.0950418 0.245158 0.000132886 0.297357 0.142182 0.0137882 0.00197688 1.4143e-06 9.19053e-06 6.96287e-07 3.42216e-05 0.00632019 0.000745328 0.0121311 0.0778136 0.000243687 9.97019e-07 0.0338206 0.00492432 0.021589 0.00877559 0.0031349 0.000340851 0.00219082 0.0456825 3.21708e-06 1.39444e-06 8.18906e-06 5.58313e-07 2.52445e-05 0 0 0.00075329 7.17303e-06 0.0089116 4.56256e-05 1.67883e-06 0.000842219 1.7657e-05 6.85373e-05 1.87057e-05 1.64374e-07 5.33557e-07 1.30901e-06 1.35002e-05 1.86788e-06 0 1.0564e-05 0 7.0605e-05 1.2642e-06 0 0.000600706 0.000180762 0.00023306 4.04214e-05 1.80732e-05 0 0.0220021 0 0.919578 0.90541 0.150067 0.0821544 0 0.495709 0.00270811 0.998572 
0.0420607 0.011938 0.0191316 0.0265532 0.0332666 1.14896e-05 0.0887257 0.0356234 0.00325805 0 0.461156 0.0942952 1.60111e-07 2.79232e-06 0.118748 0.000388998 0.000190148 0.000366002 0.0318079 0.745221 0.217218 0.161907 0.999991 0.999937 0.0642092 0.288387 0.0226936 0.284081 0.0100867 0.202439 0 0 0 0 0 0 0 0.00011625 0.000312797 0 0 0 0.000195169 0 0 0 0 0 0 0 0 0 0 0 0 0 1.23383e-06 0 7.44751e-05 0 0 0 0 0 0 0 0 0 0 0 0 0.000390817 0 0 0 0 0 0 0 0 0 0 0 0 0.0578561 0.179736 0.471102 0 0.446022 0 0.277193 0.292195 0.999947 
0.944734 1.90142e-07 9.37038e-06 5.20357e-06 8.75433e-07 0 8.50946e-07 2.04596e-06 1.82894e-06 1 1.87225e-05 7.68773e-07 0 1.80048e-06 4.97683e-06 1.2007e-06 0 9.23938e-07 4.19976e-05 0.58536 0.687968 0.931489 0 1 2.36047e-05 0.0005541 0.000262254 2.33749e-06 0.00617912 0.00587314 0 0 0 0 0 0 0 1.58112e-07 0 0 0 0 0 0 1.42864e-07 0 0 0 0 0 0 0 0 0 0 2.2842e-06 0 0 0 0 0 0 0 0 0 0 0 0 0 0 0 0 0 0 0 0 0 0 0 0 0 0 0 0 0 0.575569 0.995579 0.120299 0 0 0.227834 0 1 
0.0702681 0.00035625 0.00177542 0.213702 0.000775768 0 0.00012896 0.185979 0.000497789 0.999983 0.0361956 0.000703672 0 0.215486 0.000309162 0.213799 0.0619256 7.97332e-05 0.000896676 0.00617742 0.16694 0.152225 0.999983 0.999926 0.00151125 0.257354 0.210566 0.20853 0.00863899 0.325731 0 0 0 0 0 0 0 1 0 0 0 0 0 0 0.000496089 0 0 0 0 0 0 0 0 0 0 0.000427363 0 0 0 0 0 0 0 0 0 0 0 0 0 0 0 0 0 0 0 0 0 0 0 0 0 0 0 0 0.5279 0.0448901 0.355989 0 0 0 0 0.304521 0.999821 
0.663783 0 0 0 0 0 0 0 0 1 0 0 0 0 0 0 0 0 0 0.00325319 0.316797 0.636534 0 0 0 0 0 0 0 0 0 0 0 0 0 0 0 0 0 0 0 0 0 0 0 0 0 0 0 0 0 0 0 0 0 0 0 0 0 0 0 0 0 0 0 0 0 0 0 0 0 0 0 0 0 0 0 0 0 0 0 0 0 0 0.479971 0.530724 0.0966032 0.563349 0 0 0.898352 0.397275 0 
0.928081 0.000348407 0.0943787 0.0607046 0.0180554 0.000517629 0.0245719 0.00096926 0.00889268 0.999999 0.00597882 0.00411694 0.000258569 0.003026 0.00771543 0.00454811 0.00127164 0.000859676 0.00638933 0.136574 0.434591 0.809338 0.999997 7.5992e-07 0.00033832 0.0019947 0.0740025 0.00657463 0.456512 0.0321773 0.0242388 0.013732 0.0175238 0.01336 2.37791e-07 1.57362e-05 0.0102443 0.999997 0.000801801 7.66793e-05 0.011661 0.00199228 0.0160278 0.00782642 5.65649e-05 0.00173418 3.60772e-06 0.00173334 0.0029499 0.00784034 0.00112608 0.000111859 0.000861343 7.55629e-07 2.35408e-05 0 0 5.02846e-05 1.0871e-06 2.93826e-06 5.81388e-06 1.44234e-07 2.16352e-05 1.90591e-05 1.54238e-06 7.87943e-07 0 1.33973e-06 5.84072e-06 2.21556e-07 0 4.49442e-07 0 0 3.40002e-06 0 0.000178984 6.36172e-07 0 2.97012e-07 0 5.17095e-06 0 0.30437 0.910069 0.764957 0.728972 0 0 0.742019 0 0 0.999957 
0.2992 0 0 0 0 0 0 0 0 1 0 0 0 0 0 0 0 0 0 0.549795 0.947454 0.528068 0 0 0 0 0 0 0 0 0 0 0 0 0 0 0 1 0 0 0 0 0 0 0 0 0 0 0 0 0 0 0 0 0 0 0 0 0 0 0 0 0 0 0 0 0 0 0 0 0 0 0 0 0 0 0 0 0 0 0 0 0 0 0.494416 0.792555 0.0349156 0 0 0 0.427532 0.809568 1 
0.521857 2.81833e-05 0.000166735 0.000124327 5.81493e-05 0 1.88798e-05 6.90162e-05 1.89043e-05 0 0.000416726 4.82911e-05 0 1.8024e-05 3.49033e-05 2.34654e-05 0 2.12776e-05 0.000109959 0.452513 0.784705 0.127715 0 0 7.13757e-05 0.000220096 8.5473e-05 2.38925e-05 0.00024715 0.000308599 0 0 0 0 0 0 0 0 0 0 0 0 0 0 7.55812e-06 0 0 0 0 0 0 0 0 0 0 5.40602e-06 0 0 0 0 0 0 0 0 0 0 0 0 0 0 0 0 0 0 0 0 0 0 0 0 0 0 0 0 0 0.830839 0.857659 0.338084 0 0 0 0 1 
0.611618 0.000552211 0.00789612 0.0151684 0.00671184 0.00291101 0.0896218 0.00563015 0.000269417 0 0.00107977 0.0178319 0.00197079 0.00101832 0.0111826 0.0143217 0.128382 0.0181722 0.0266128 0.960673 0.44897 0.82939 8.52187e-07 0 0.000494292 0.0742205 0.0581232 0.00707306 0.116847 0.0507571 0.00127374 0.000207968 7.70969e-05 0.000785662 2.91692e-07 3.50611e-05 0.0129468 1.63314e-06 0.000367185 0.000366097 0.000281987 0.000143353 0.00236127 0.000575412 0.00196249 0.000246786 0.000200925 0.00196812 0.000163057 0.000609175 2.38745e-06 0.000286044 8.09496e-05 0.000262145 8.42144e-06 0 0.000169464 9.11776e-05 0.0183633 8.44534e-05 3.18849e-05 9.00586e-05 2.81952e-05 1.48455e-05 3.0072e-05 0 0.0002136 1.00872e-05 5.07054e-06 0.000144383 0.000142943 3.35854e-06 5.03524e-07 0 6.73834e-05 8.93333e-06 0 3.20544e-05 0.000104492 0.000146652 7.97291e-05 1.37288e-05 4.26495e-07 0.000951149 0.49814 0.66136 0.969501 0 0 0.207926 0.586703 0 0.999997 
0.0718357 0 0 0 0 0 0 0 0 1 0 0 0 0 0 0 0 0 0 0.973856 0.367793 0.219359 0 0 0 2.57627e-06 0 0 0 0 0 0 0 0 0 0 0 0 0 0 0 0 0 0 0 0 0 0 0 0 0 0 0 0 0 0 0 0 0 0 0 0 0 0 0 0 0 0 0 0 0 0 0 0 0 0 0 0 0 0 0 0 0 0 0 0 0.239777 0.965184 0.450398 0 0.345691 0 1 
0.149406 0 0 0 0 0 0 0 0 1 0 0 0 0 0 0 0 0 0 0.547562 0.814944 0.889722 1 0 0 1.02511e-07 0 0 0 0 0 0 0 0 0 0 0 1 0 0 0 0 0 0 0 0 0 0 0 0 0 0 0 0 0 0 0 0 0 0 0 0 0 0 0 0 0 0 0 0 0 0 0 0 0 0 0 0 0 0 0 0 0 0 0 0.887784 0.00348044 0.295012 0 0 0.0267664 0.423059 0 
0.426047 1.29019e-06 0.0172317 6.13301e-07 7.96262e-06 3.08885e-06 7.79678e-05 0.000173866 0 0 0.0101088 9.86564e-06 0.0152259 1.6565e-05 0.008412 0.013851 0 0.0651146 2.27318e-06 0.794128 0.501812 0.504034 1 0 5.77441e-07 3.04249e-06 0.0156419 0.0118016 0.00298075 0.00663052 8.95972e-07 0 0 0 0 2.69177e-06 0 1 0 0 0 0 2.16821e-07 0 5.70195e-07 0 1.89374e-07 0 0 0 0 0 0 0 0 0 0 0 0 0 0 0 0 0 0 0 0 0 0 0 0 0 1.45922e-06 0 0 0 1.57237e-07 0 0 0 0 0 0 9.69038e-07 0 0.798229 0.862435 0.073599 0 0 0.211616 0.936778 1 
0.624491 0 0.833298 0.00460548 0.0652744 3.50388e-05 0.0412683 0.00384798 0.0364533 0.998736 0.833284 0.0415928 0.749286 0.833305 0.00130645 0.00293167 3.96447e-06 0.643862 0.833296 0.696508 0.164879 0.0181893 0.999658 0.001194 0.0171953 0.0286965 0.117532 0.0131354 0.833139 0.833193 0 0 0 0 0 0.833315 0 0.999882 1.20829e-07 0.000461096 0.703547 0 0.698629 0 0.000986325 1.88567e-07 0.763731 0.706182 0 0.613742 0 0 0 0.630302 0.631957 0 0 0 0 0.000499033 0 0 0 0 0 0 0 0 0.641857 0 0 0.833312 0.833317 0 0 0 0.824973 0 1.89883e-07 0 0 0 0 3.64017e-07 0 0 0.744471 0 0.0252107 0.259846 0 0.829536 0.00069402 
0.579601 0 0 0 0 0 0 0 0 0 0 0 0 0 0 0 0 0 0 0.0346848 0.428238 0.804987 0 1 0 0 0 0 0 0 0 0 0 0 0 0 0 0 0 0 0 0 0 0 0 0 0 0 0 0 0 0 0 0 0 0 0 0 0 0 0 0 0 0 0 0 0 0 0 0 0 0 0 0 0 0 0 0 0 0 0 0 0 0 0.17945 0.715079 0.474967 0.820091 0.353043 0 0.383424 0 1 
0.881688 0 0 0 0 0 0 0 0 0 0 0 0 0 0 0 0 0 0 0.275021 0.544265 0.963681 1 1 0 0 0 0 0 0 0 0 0 0 0 0 0 0 0 0 0 0 0 0 0 0 0 0 0 0 0 0 0 0 0 0 0 0 0 0 0 0 0 0 0 0 0 0 0 0 0 0 0 0 0 0 0 0 0 0 0 0 0 0 0.544963 0.59205 0.584827 0 0 0 0.501018 0 0 
0.287323 0 0 2.46591e-06 0 0 0 2.48497e-06 0 0 3.94835e-06 0 0 7.53193e-06 0 4.1435e-06 2.41958e-06 0 1.05272e-07 0.353356 0.140033 0.540076 0 1 0 3.06419e-06 2.29355e-06 2.71073e-06 0 7.23393e-06 0 0 0 0 0 0 0 0 0 0 0 0 0 0 0 0 0 0 0 0 0 0 0 0 0 0 0 0 0 0 0 0 0 0 0 0 0 0 0 0 0 0 0 0 0 0 0 0 0 0 0 0 0 0 0 0.918676 0.383574 0.0611869 0 0 0.263051 0 0 
0.24862 0 0 0 0 0 0 0 0 0 0 0 0 0 0 0 0 0 0 0.427968 0.920604 0.693467 0 1 0 0 0 0 0 0 0 0 0 0 0 0 0 1 0 0 0 0 0 0 0 0 0 0 0 0 0 0 0 0 0 0 0 0 0 0 0 0 0 0 0 0 0 0 0 0 0 0 0 0 0 0 0 0 0 0 0 0 0 0 0.873402 0.907176 0.384676 0.46559 0.851017 0 0 0.82672 1 
0.504104 0.000351334 0.0617693 0.00393966 0.0351711 0.00121915 0.0327552 0.00557587 0.00169248 8.7747e-06 0.38312 0.364669 0.0420625 0.00762178 0.0717919 0.00565861 2.72005e-06 3.76267e-06 0.00978527 0.742181 0.168234 0.0414549 0.999923 0.9991 0.022899 0.0945482 0.0477547 0.00101225 0.230495 0.044111 0 0 0 0 0 2.03013e-05 0 0.00279894 0 5.32884e-07 1.8813e-07 0 4.5024e-07 0 9.43285e-05 0 0.000640623 2.36447e-05 0 2.37394e-05 0 0 0 0 0 0 0 0 0 1.81969e-05 0 0 0 0 0 0 0 0 0 0 0 0 5.66094e-07 0 0 0 0 0 0 0 0 0 0 3.35876e-06 0.291392 0 0.830245 0 0 0 0 0.493352 0.999646 
0.14234 0 0 0 0 0 0 0 0 0 0 0 0 0 0 0 0 0 0 0.547028 0.82864 0.333552 0 0 0 0 0 0 0 0 0 0 0 0 0 0 0 1 0 0 0 0 0 0 0 0 0 0 0 0 0 0 0 0 0 0 0 0 0 0 0 0 0 0 0 0 0 0 0 0 0 0 0 0 0 0 0 0 0 0 0 0 0 0 0.403602 0.0752757 0.869192 0 0.600198 0 0.937936 0 1 
0.0924168 1.33635e-06 0.00083399 0.186733 0.000861232 2.47106e-05 0.000153432 0.187859 1.56533e-06 0 0.0473659 3.78496e-05 0 0.19436 0.000193658 0.194273 0.0990056 2.66962e-05 0.000127296 0.626192 0.151183 0.676392 0.999998 0.999993 0.000369231 0.186697 0.193263 0.192453 5.81719e-07 0.287543 0 0 0 0 0 0 0 1.29555e-05 0.000484466 0 0 0 0.000159497 0 1.2086e-07 0 0 0 0 0 0 0 0 0 0 0 0 0 0.00144371 0 0 0 0 0 0 0 0 0 0 0 0 0.000386391 0 0 0 0 0 0 0 0 0 0 0 0 0 0.77457 0.160786 0 0 0 0 0.418547 4.05201e-07 
0.593294 0 0 0 0 0 5.8822e-05 0 0 0 0 0 0 0 0 0 0 0 0 0.056169 0.808769 0.0267669 0 0 0 0 1.58592e-07 0 4.34973e-06 0 0 0 0 0 0 0 0 0 0 0 0 0 0 0 0 0 0 0 0 0 0 0 0 0 0 0 0 0 0 0 0 0 0 0 0 0 0 0 0 0 0 0 0 0 0 0 0 0 0 0 0 0 0 0 0.768625 0.82445 0.0655059 0.374969 0.54953 0 0 0 0 
0.39248 0 9.10453e-07 1.60554e-06 4.47049e-07 0 0 4.80497e-07 0 0 1.23685e-05 2.15479e-07 0 0 0 2.19379e-07 0 0 1.74983e-07 0.144511 0.984948 0.0311043 0 0 6.85118e-07 1.86656e-06 5.07576e-07 0 8.90446e-06 1.11747e-05 0 0 0 0 0 0 0 1 0 0 0 0 0 0 0 0 0 0 0 0 0 0 0 0 0 0 0 0 0 0 0 0 0 0 0 0 0 0 0 0 0 0 0 0 0 0 0 0 0 0 0 0 0 0 0 0.715094 0.520365 0 0 0 0.0592556 0 1 
0.636648 2.59663e-07 1.66984e-06 3.00528e-05 9.65823e-06 1.80488e-06 2.79823e-06 4.28307e-07 0 0 2.01598e-06 0 6.57844e-06 2.11846e-05 1.38489e-05 0 0 2.34364e-06 2.73725e-05 0.384111 0.499096 0.763052 0 1 6.01481e-06 3.59522e-06 6.90735e-06 1.26769e-05 4.34622e-05 6.8046e-06 0 0 0 0 0 0 0 0 6.50788e-07 0 5.17896e-06 0 2.90652e-07 0 2.36843e-05 0 0 0 0 6.31297e-07 0 0 0 0 0 0 0 0 0 0 0 0 0 0 0 0 1.31794e-07 0 0 0 0 0 0 0 0 0 0 0 1.87759e-07 0 0 0 0 0 0 0.645487 0.952 0 0 0.0202943 0.814809 0 1 
0.411348 0 4.43645e-07 3.85955e-06 1.24452e-05 1.50046e-07 2.96845e-06 0 3.4756e-07 0 3.50243e-06 0 2.70692e-06 0 4.31983e-05 0 0 3.47891e-07 8.61482e-06 0.0984967 0.181496 0.772515 0 1 1.39726e-06 4.56949e-07 1.03242e-05 1.23495e-06 3.13635e-05 4.80998e-06 0 0 0 0 0 0 0 0 7.53989e-06 0 0 0 0 0 0 0 0 0 0 0 0 0 0 0 0 0 0 0 0 0 0 0 0 0 0 0 0 0 0 0 0 0 0 0 0 0 0 0 0 0 0 0 0 0 0.0270713 0.0744764 0.358095 0.314383 0 0 0.797868 0 1 
0.494562 0.00419057 0.18557 0.240764 0.0408678 0 0.0167102 0.0732114 0.00880497 5.57822e-06 0.223657 0.024297 0 0.01651 0.0182409 0.0249699 0 0.00939504 0.0697366 0.240665 0.166317 0.187217 0.999989 7.34655e-06 0.0676224 0.251672 0.0707234 0.0166039 0.175633 0.232247 0 0 0 0 0 0 0 8.09414e-05 0 0 0 0 0 0 0.0170196 0 0 0 0 0 0 0 0 0 0 0.0106246 0 0 0 0 0 0 0 0 0 0 0 0 0 0 0 0 0 0 0 0 0 0 0 0 0 0 0 0 0 0.0823192 0.906176 0.307554 0 0 0 0.213807 3.63057e-06 
0.48108 0 0 0 0 0 0 0 0 1 0 0 0 0 0 0 0 0 0 0.955606 0.956858 0.909247 0 1 0 0 0 0 0 0 0 0 0 0 0 0 0 0 0 0 0 0 0 0 0 0 0 0 0 0 0 0 0 0 0 0 0 0 0 0 0 0 0 0 0 0 0 0 0 0 0 0 0 0 0 0 0 0 0 0 0 0 0 0 0.213346 0.769267 0.327909 0 0 0 0.455229 0.78281 0 
0.78879 0 0 0 0 0 0 0 0 0 0 0 0 0 0 0 0 0 0 0.474728 0.466092 0.30156 0 0 0 0 0 0 0 0 0 0 0 0 0 0 0 1 0 0 0 0 0 0 0 0 0 0 0 0 0 0 0 0 0 0 0 0 0 0 0 0 0 0 0 0 0 0 0 0 0 0 0 0 0 0 0 0 0 0 0 0 0 0 0.438189 0.520697 0.191892 0.166443 0 0 0.115764 0 1 
0.773224 0 0 2.62412e-07 0 0 4.17173e-05 0 0 1 1.97337e-07 0 0 0 0 0 0 0 0 0.55672 0.37107 0.0925969 1 0 0 2.17622e-07 0 0 3.15398e-05 1.20273e-06 0 0 0 0 0 0 0 1 0 0 0 0 0 0 0 0 0 0 0 0 0 0 0 0 0 0 0 0 0 0 0 0 0 0 0 0 0 0 0 0 0 0 0 0 0 0 0 0 0 0 0 0 0 0 0 0.941418 0.905406 0.517479 0 0 0 0.620025 0 
0.422372 0 0 0 0 0 0 0 0 1 0 0 0 0 0 0 0 0 0 0.832545 0.613442 0.548931 1 1 0 0 0 0 0 0 0 0 0 0 0 0 0 1 0 0 0 0 0 0 0 0 0 0 0 0 0 0 0 0 0 0 0 0 0 0 0 0 0 0 0 0 0 0 0 0 0 0 0 0 0 0 0 0 0 0 0 0 0 0 0.877414 0.645423 0.899265 0.294784 0 0 0.463195 0.667352 1 
0.456024 0 0 0 0 0 0 0 0 0 0 0 0 0 0 0 0 0 0 0.718348 0.814425 0.922552 0 0 0 0 0 0 0 0 0 0 0 0 0 0 0 0 0 0 0 0 0 0 0 0 0 0 0 0 0 0 0 0 0 0 0 0 0 0 0 0 0 0 0 0 0 0 0 0 0 0 0 0 0 0 0 0 0 0 0 0 0 0 0 0.960725 0.371272 0.378992 0.199183 0 0 0 0 
0.474475 0.000930747 0.00705161 0.0168049 0.00767566 0 0.000605536 0.00600391 0.000682811 0 0.0123962 0.00279267 0 0.00105425 0.000317277 0.00102452 0 0.00016587 0.00307226 0.0337502 0.415379 0.0641159 1 0 0.00787127 0.020397 0.00549109 0.000805884 0.00501686 0.0203596 0 0 0 0 0 0 0 2.70539e-07 0 0 0 0 0 0 0.00146731 0 0 0 0 0 0 0 0 0 0 0.00109828 0 0 0 0 0 0 0 0 0 0 0 0 0 0 0 0 0 0 0 0 0 0 0 0 0 0 0 0 0.00990232 0.745568 0.3352 0 0 0 0 0 1 
0.78792 0.000338113 0.0293397 0.495741 0.00194771 0.00194166 0.00163475 0.00595044 0.00432526 0.999946 0.00198361 0.00216297 0.000822758 0.000752478 0.0050938 0.00315435 0.0140134 0.000134747 0.0030677 0.630354 0.384077 0.095508 0.999973 0.999669 0.00110205 0.0634164 0.319396 0.00954866 0.313122 0.170987 0.0239482 0.000911325 3.0976e-05 7.42282e-05 0 0 0.00208917 0.00043994 0.00107343 0.0390398 0.000100251 0.000176722 0.0365064 0.00197946 0.0313147 0.00266726 3.9502e-05 0.000277301 0.00101174 0.0262849 8.96565e-05 4.10319e-05 0.000103703 1.91136e-05 0.000112973 0 0 0.00083108 6.45641e-05 0.00100289 5.12404e-05 7.67791e-06 0.00420187 6.79883e-05 6.33489e-05 3.23237e-05 0 7.30504e-06 7.08354e-06 0.000539035 8.07438e-06 1.08312e-06 0 0 7.06365e-05 1.79421e-06 0.000101649 0.000387895 0 0.000350504 2.76971e-05 6.81879e-05 0 0.0339671 0.782435 0.684347 0.842629 0.614685 0 0 0 0 1.1841e-05 
0.558807 0.000102954 0.200661 0.0169453 0.0250635 0.472202 0.121918 0.0119138 0.000195119 0.999552 0.145136 0.00215382 0.0280566 0.0337065 0.108892 1.91638e-05 0.000461951 0.0367874 0.181772 0.65971 0.0605767 0.0325795 0.999667 0.998072 0.116568 0.0897185 0.112097 0.029576 0.329377 0.10798 4.04594e-07 0 0 0 0 0 2.7125e-06 0.00341051 0 0.0378995 0.081083 0 0.00259624 1.15843e-05 0.0347387 1.31503e-05 0 2.74455e-07 1.27189e-06 0.000264446 0 0 0 0 0 0 0 0 0 0.000163371 0 0 0 0 0 0 0 0 0 0 0 0 0 0 0 0 0 0 0.647106 0 0 0 0 0.000243064 0.747951 0 0.129733 0.512694 0.905139 0.91906 0.871999 0 2.04194e-05 
0.75359 0 0 0 0 0 7.04425e-07 0 0 0 0 0 0 0 0 0 0 0 0 0.415468 0.841506 0.407362 1 0 0 0 0 0 5.09928e-07 0 0 0 0 0 0 0 0 1 0 0 0 0 0 0 0 0 0 0 0 0 0 0 0 0 0 0 0 0 0 0 0 0 0 0 0 0 0 0 0 0 0 0 0 0 0 0 0 0 0 0 0 0 0 0 0 0.783568 0.928708 0.988401 0.786393 0 0 0.683219 1 
0.268436 0 0 0 0 0 0 0 0 0 0 0 0 0 0 0 0 0 0 0.65956 0.710419 0.64575 0 1 0 0 0 0 0 0 0 0 0 0 0 0 0 0 0 0 0 0 0 0 0 0 0 0 0 0 0 0 0 0 0 0 0 0 0 0 0 0 0 0 0 0 0 0 0 0 0 0 0 0 0 0 0 0 0 0 0 0 0 0 0.731949 0 0.811398 0.450622 0 0 0 0.221358 1 
0.743284 0 0 0 0 0 0 0 0 1 0 0 0 0 0 0 0 0 0 0.771512 0.255745 0.872122 0 0 0 0 0 0 0 0 0 0 0 0 0 0 0 1 0 0 0 0 0 0 0 0 0 0 0 0 0 0 0 0 0 0 0 0 0 0 0 0 0 0 0 0 0 0 0 0 0 0 0 0 0 0 0 0 0 0 0 0 0 0 0.639855 0.0369865 0.940001 0 0 0 0.431485 0.877513 0 
0.794758 0 0 0 0 0 4.24078e-07 0 0 1 0 0 0 0 0 0 0 0 2.09748e-06 0.788375 0.931169 0.425358 1 1 0 0 0 0 1.40346e-06 0 0 0 0 0 0 0 0 1 0 0 0 0 0 0 0 0 0 0 0 0 0 0 0 0 0 0 0 0 0 0 0 0 0 0 0 0 0 0 0 0 0 0 0 0 0 0 0 0 0 0 0 0 0 0 0.99423 0.637553 0.160194 0 0 0 0.806062 0 0 
0.69021 0.00439839 0.138578 0.0501148 0.0146041 0 0.0125222 0.034531 0.00853887 0 0.174289 0.0131631 0 0.0139958 0.0291638 0.0141778 0 0.0134415 0.137194 0.300686 0.315567 0.214094 2.70065e-06 5.69162e-07 0.0379726 0.108123 0.0620482 0.0148145 0.103322 0.0842601 0 0 0 0 0 0 0 1 0 0 0 0 0 0 0.00368463 0 0 0 0 0 0 0 0 0 0 0.0143367 0 0 0 0 0 0 0 0 0 0 0 0 0 0 0 0 0 0 0 0 0 0 0 0 0 0 0 0 0 0.0517231 0.856564 0 0 0 0.411342 0 0.999995 
0.508856 0 0 0 0 0 0 0 0 1 0 0 0 0 0 0 0 0 0 0.439076 0.393094 0.660586 1 0 0 0 0 0 0 0 0 0 0 0 0 0 0 0 0 0 0 0 0 0 0 0 0 0 0 0 0 0 0 0 0 0 0 0 0 0 0 0 0 0 0 0 0 0 0 0 0 0 0 0 0 0 0 0 0 0 0 0 0 0 0.347139 0.549902 0.581766 0 0 0 0.457854 0.299502 1 
0.509763 4.56247e-05 0.00445516 0.00825881 0.000843076 0.00123252 0.00862882 0.0323351 0.000164645 0.999962 0.00300037 0.387686 0.0283724 0.000112842 0.356957 0.000475469 0.00189701 0.00706548 0.00921638 0.672322 0.175318 0.111885 0.000217311 0.999797 0.0216785 0.154791 0.11949 0.170566 0.308375 0.0958179 0.00043159 0 0 0 0 3.22385e-06 8.43548e-06 0.000334621 7.72645e-06 0.0116994 0.000772388 0 3.81145e-05 5.21845e-06 5.12556e-05 8.48199e-07 3.65644e-06 0.000600542 1.61699e-06 7.55874e-05 1.31266e-06 5.27704e-06 5.89735e-07 1.30447e-06 0.00102868 0 7.54652e-05 8.05827e-05 2.60053e-05 1.33981e-05 9.13071e-07 0.000718975 7.79234e-06 7.35633e-07 3.48206e-07 0 0 1.23933e-07 4.10136e-07 7.03173e-07 0.000753548 2.60603e-07 1.38522e-07 1.41911e-06 6.72744e-07 6.08082e-07 0 1.25174e-06 0 1.25379e-06 3.69674e-06 7.35658e-07 0 0.0120537 0.522575 0.168925 0.46949 0.689555 0.839877 0 0.0155422 0.596175 1.04458e-05 
0.379428 0 0 0 0 0 0 0 0 0 0 0 0 0 0 0 0 0 0 0.7145 0.0536513 0.397438 0 1 0 0 0 0 0 0 0 0 0 0 0 0 0 0 0 0 0 0 0 0 0 0 0 0 0 0 0 0 0 0 0 0 0 0 0 0 0 0 0 0 0 0 0 0 0 0 0 0 0 0 0 0 0 0 0 0 0 0 0 0 0.887461 0.429905 0.146514 0.0755787 0.374442 0 0.386275 0 1 
0.470092 0 0 0 0 0 0 0 0 0 3.21508e-07 0 0 0 0 0 0 0 0 0.402734 0.891269 0.163419 1 0 0 0 0 0 2.35494e-07 2.60488e-07 0 0 0 0 0 0 0 0 0 0 0 0 0 0 0 0 0 0 0 0 0 0 0 0 0 0 0 0 0 0 0 0 0 0 0 0 0 0 0 0 0 0 0 0 0 0 0 0 0 0 0 0 0 0 0 0.112879 0.383392 0.673662 0.648259 0 0 0.466903 1 
0.400582 0.512989 0 0 0 0 0 0 0 0 0 0 0 0 0 0 0 0 0 0.923813 0.116666 0.129292 0.999953 0.999878 0.510012 0.00643185 0 0.00335648 0.310887 0.113809 5.47536e-07 0 0 0 0 0 0 0.000244012 0 0 0 0 0 0 0 0 0 0 0 0 0 0 0 0 0 0 0 0 0 0 0 0 0 0 0 0 0 0 0 0 0 0 0 0 0 0 0 0 0 0 0 0 0 0 0.522629 0.969704 0.239133 0 0.906182 0.928308 0 0.884736 0.999988 
0.0520545 0.000854701 0.230423 0.0227807 0.088029 0 0.000288319 0.178443 0.016649 0 0.0205516 0.0270723 0 0.0114921 0.112514 0.0136964 0.119727 0.000118733 0.124636 0.542423 0.809042 0.782597 0.999999 1.61011e-06 8.47277e-06 0.262287 0.227273 0.0424022 1.10056e-06 0.0801411 3.67542e-06 0 0 0 0 0 0 1.4213e-05 0.0762613 8.32559e-07 0 0 0.0336594 0 4.50284e-07 0 0 1.84023e-07 0 3.2045e-06 0 0 0 0 0 0 0 0 0.0520046 0 1.05362e-07 0 0 2.08239e-07 3.82898e-07 0 0 1.01756e-07 0 0 0 0.0363729 0 0 5.12706e-07 0 8.23911e-07 9.02151e-07 0 7.30865e-06 0 1.38669e-06 0 0 0 0.0247106 0.773726 0.843425 0 0 0 0.0350307 0.999979 
0.49279 0 1.0978e-05 1.20795e-05 0 0 0 0 0 0 1.0794e-05 3.67404e-07 2.80621e-06 0 2.18813e-06 0 0 4.97503e-05 1.73752e-06 0.81581 0.864094 0.775349 1 0 0 1.21384e-06 2.00836e-05 0 5.45944e-06 1.21475e-05 1.15662e-05 0 0 0 0 0 0 0 0 0 0 0 0 0 0 0 0 0 0 0 0 0 0 0 0 0 0 0 0 0 0 0 0 0 0 0 0 0 0 0 0 0 0 0 0 0 2.19455e-06 0 0 0 0 0 0 0 0 0.529283 0.0309237 0.578663 0 0 0 0.975863 0 
0.303499 0 0 0 0 0 0 0 0 0 0 0 0 0 0 0 0 0 0 0.63932 0.35361 0.568076 1 1 0 0 0 0 0 0 0 0 0 0 0 0 0 1 0 0 0 0 0 0 0 0 0 0 0 0 0 0 0 0 0 0 0 0 0 0 0 0 0 0 0 0 0 0 0 0 0 0 0 0 0 0 0 0 0 0 0 0 0 0 0.0949352 0.0471603 0.706327 0.535876 0.212433 0 0 0 1 
0.369123 0 0 0 0 0 0 0 0 0 0 0 0 0 0 0 0 0 0 0.300504 0.0489006 0.125192 1 1 0 0 0 0 0 0 0 0 0 0 0 0 0 0 0 0 0 0 0 0 0 0 0 0 0 0 0 0 0 0 0 0 0 0 0 0 0 0 0 0 0 0 0 0 0 0 0 0 0 0 0 0 0 0 0 0 0 0 0 0 0.842809 0.812816 0.868323 0.474534 0 0 0 0 1 
0.344667 7.17101e-07 7.24477e-07 1.07899e-06 9.13983e-07 0 0.320608 2.91653e-06 0 7.14528e-06 3.02999e-06 8.42536e-06 0 5.73305e-07 2.77038e-07 0 0 1.33012e-06 1.91855e-06 0.58711 0.21937 0.974447 8.66686e-06 0.999995 2.18617e-05 1.53239e-05 0.000331761 0.000157263 0.334061 0.0001611 0 0 0 0 0 0 0 1.11346e-05 0 0 2.35411e-05 0 0 0 0 0 0 0 0 0 0 0 0 0 0 0 3.88809e-07 0 0 0 0 0 0 0 0 0 0 0 0 0 0 0 0 0 0 0 0 0 0 0 0 0 0 0 0.388782 0.935358 0.968491 0.256407 0.0834735 0 0.235243 0.91336 0.999982 
0.289337 0 0 0 0 0 0 0 0 1 0 0 0 0 0 0 0 0 0 0.290226 0.844688 0.278407 0 0 0 0 0 0 0 0 0 0 0 0 0 0 0 0 0 0 0 0 0 0 0 0 0 0 0 0 0 0 0 0 0 0 0 0 0 0 0 0 0 0 0 0 0 0 0 0 0 0 0 0 0 0 0 0 0 0 0 0 0 0 0 0.65111 0.106099 0.121383 0.999198 0 0 0.292215 1 
0.555869 0 0 0 0 0 0 0 0 0 0 0 0 0 0 0 0 0 0 0.617242 0.600407 0.685894 0 1 0 0 0 0 0 0 0 0 0 0 0 0 0 0 0 0 0 0 0 0 0 0 0 0 0 0 0 0 0 0 0 0 0 0 0 0 0 0 0 0 0 0 0 0 0 0 0 0 0 0 0 0 0 0 0 0 0 0 0 0 0 0 0.803651 0.45553 0.731377 0 0 0.295152 0 
0.944557 0.000192877 0.00141085 0.0220757 0.0573959 0.000403624 0.00487314 0.0101131 1.98443e-05 1 0.00382848 0.000346071 0.0020313 0.00276766 0.000242717 0.001444 0.000142833 9.53991e-05 0.014102 0.761859 0.543195 0.419254 1.06857e-06 0 0.0339267 0.000380903 0.0934714 0.0374632 0.133731 0.0240976 0.000636389 0.000200211 0.000524507 0.000392333 7.25632e-05 1.23612e-05 8.06476e-05 1 5.65041e-06 0.0530209 0.000205168 6.83443e-07 6.93538e-05 1.37154e-05 0.00279521 0 0 0 0 4.15213e-06 0 0 0 0 0 0 0 0 0 0 0 0 0 0 0 2.95906e-05 1.25301e-06 0 0 0 0 0 0 0 9.82608e-05 0 0 0 8.68558e-07 0 0 0 1.32604e-06 0.000148601 0.335401 0 0.125394 0 0 0 0.33834 0 0.999996 
0.132048 3.35465e-05 0.000517458 0.00108405 0.000232249 0.0161768 0.168058 0.00234663 5.37e-07 8.14914e-07 0.00540159 0.000179369 0 0 7.69527e-05 0 5.33758e-05 0.000785193 0.00010182 0.592284 0.00212377 0.999422 1 0.999999 7.482e-05 0.0077662 0.00214161 0.00581222 0.13353 0.00020584 0 0 0 0 0 0 0 1.73812e-06 1.66363e-05 0 0 0 1.83562e-05 0 0 0 0 0 0 0 0 0 0 0 0 0 0 0 3.02212e-05 0 0 0 0 0 0 0 0 0 0 0 0 2.04532e-05 0 0 0 0 0 0 0 0 0 0 0 0 0.411142 0.90487 0.470355 0 0 0 0 0.707447 0 
0.274735 0 4.20063e-06 3.98977e-06 1.87953e-07 3.81303e-06 2.1971e-05 2.61881e-07 0 0 3.08353e-05 0.000243771 5.85481e-06 0 7.56495e-05 1.13349e-05 0 2.46572e-06 7.95609e-05 0.928767 0.124418 0.158471 0 0 4.84255e-07 0.000163436 1.70506e-05 4.23174e-06 1.91277e-06 0.000133658 0 0 0 0 0 0 0 1 0 0 0 0 0 0 0 0 0 0 0 0 0 0 0 0 0 0 0 0 0 0 0 0 0 0 0 0 0 0 0 0 0 0 0 0 0 0 0 0 0 0 0 0 0 0 0.38573 0.0963296 0.45928 0.914665 0 0 0.473863 0 0 
0.838405 0 0 0 0 0 0 0 0 1 0 0 0 0 0 0 0 0 0 0.176079 0.0200665 0.933507 1 0 0 0 0 0 0 0 0 0 0 0 0 0 0 1 0 0 0 0 0 0 0 0 0 0 0 0 0 0 0 0 0 0 0 0 0 0 0 0 0 0 0 0 0 0 0 0 0 0 0 0 0 0 0 0 0 0 0 0 0 0 0.45936 0.970951 0.189233 0.969473 0 0 0 0 0 
0.570391 0 0 0 1.26045e-07 0 1.26208e-07 0 0 0 0 0 0 0 0 0 0 0 2.95318e-07 0.0421418 0.697416 0.154965 0 0 0 0 0 0 2.44205e-07 0 0 0 0 0 0 0 0 1 0 0 0 0 0 0 0 0 0 0 0 0 0 0 0 0 0 0 0 0 0 0 0 0 0 0 0 0 0 0 0 0 0 0 0 0 0 0 0 0 0 0 0 0 0 0 0 0.745877 0.566168 0 0.0640879 0 0.519855 0.499355 0 
0.717015 0 0 0 0 0 0 0 0 0 0 0 0 0 0 0 0 0 0 0.160214 0.72954 0.484047 1 0 0 0 0 0 0 0 0 0 0 0 0 0 0 0 0 0 0 0 0 0 0 0 0 0 0 0 0 0 0 0 0 0 0 0 0 0 0 0 0 0 0 0 0 0 0 0 0 0 0 0 0 0 0 0 0 0 0 0 0 0 0.923503 0.93006 0.588233 0 0.0973013 0 0 0.0504978 1 
0.952206 0.000178586 0.00293147 0.00023469 0.0108659 9.67433e-07 0.40605 3.18721e-06 0.000167194 0 0 0.0156149 1.03244e-05 1.22862e-07 0.0146306 1.67648e-05 0 0.0155789 0.040959 0.960521 0.837037 0.273324 1.14799e-05 0.999995 0 5.45868e-05 0.151074 0.0146408 0.173779 0.100332 0.00074247 0.000964673 0.000340921 0.000918226 0 0.00382879 0.000430656 1.79029e-05 0.000184156 4.31192e-06 1.1356e-05 4.43958e-06 8.52081e-06 1.60067e-06 0 1.52519e-06 0 5.18729e-07 7.81713e-07 0 0 0 0 0 0 0 0 0 0 0 0 0 0 0 0 0 0 0 0 0 0 0 0 0 0 0 0 0 0 0 0 0 0 0.0409041 0.861439 0.889743 0.38451 0 0 0.28359 0 0 2.80033e-07 
0.926184 0 0.560059 0.041149 0.00249405 0.00877316 0.00348727 0.0097588 0.0122353 0 0.00300139 0.00263019 0.000515217 0.00122224 0.0118586 0.00259338 0.0264121 0.000231073 0.0180384 0.624499 0.365973 0.0661979 0.000744757 0.999624 0.000383121 0.09356 0.0670404 0.00166591 0.11236 0.0758708 0.0219444 0.00788062 3.29793e-05 9.83688e-05 0 2.96093e-06 0.0199925 0.000619593 0.00835053 0.0108849 0.000125506 6.90758e-07 0.0032292 0.0144605 0.00823907 0.0237367 0.0163135 0.000793497 0.00957448 0.108401 1.05729e-05 4.55128e-06 0.000186918 2.63642e-06 0.833331 0 0 0.000747853 1.49998e-05 0.0587434 0.000670327 4.26174e-06 0.000123782 0.000345062 0.00114904 0 0 2.23297e-05 1.95205e-06 3.64474e-06 4.28502e-06 0 0.000628673 0 0.00100253 1.39092e-06 0 0.00551857 4.05379e-07 0.0044947 2.70374e-05 0.000379653 0 0.00723395 0 0.801004 0.91386 0.287097 0.625966 0 0 0 0.998779 
0.323663 0 0 2.12189e-06 0 2.82695e-06 0.000152886 1.47336e-06 0 0 2.31604e-06 5.60326e-07 0.000381 0 2.68382e-05 0 0 2.39782e-06 1.07249e-06 0.295801 0.877618 0.437972 1 1 0 5.07552e-06 0.000320514 4.03095e-05 6.71517e-05 0 0 0 0 0 0 0 0 0 0 0 0 0 0 0 0 0 0 0 0 0 0 0 0 0 0 0 0 0 0 0 0 0 0 0 0 0 0 0 0 0 0 0 0 0 0 0 0 0 0 0 0 0 0 0 0.854592 0 0.497281 0.612379 0 0 0.333949 0 0 
0.253759 0.000112907 0.000313159 6.37071e-06 0.000102558 8.49514e-06 2.16116e-05 8.38196e-05 1.68949e-05 0 0.00031989 0.000601235 3.5972e-06 1.61846e-05 6.71098e-05 1.02239e-05 6.89906e-06 4.71854e-06 0.000291539 0.850761 0.723727 0.974518 0 1 7.39761e-07 0.000231185 0.000180885 0.000315343 2.78361e-05 0.000183588 0 0 0 0 0 1.35386e-06 0 0 5.61801e-05 0 0 0 2.049e-06 0 1.76655e-07 0 0 0 0 0 0 0 0 0 0 0 0 0 1.96803e-06 0 0 0 0 0 0 0 0 0 0 0 0 1.12469e-05 4.48513e-07 0 0 0 0 0 0 0 0 0 0 0 0 0.808505 0.47502 0 0 0 0 0.732522 0 
0.198529 0 0 1.06384e-05 0 0 0 1.0475e-05 0 1 0.00445306 0 0 7.22272e-06 0 1.67767e-05 4.82684e-06 0 0 0.994287 0.572624 0.330917 0 0 0 0.000141384 1.03131e-05 1.0913e-05 0.003352 0.00398648 0 0 0 0 0 0 0 1 0 0 0 0 0 0 0 0 0 0 0 0 0 0 0 0 0 0 0 0 0 0 0 0 0 0 0 0 0 0 0 0 0 0 0 0 0 0 0 0 0 0 0 0 0 0 0 0.226617 0.930467 0 0.36397 0 0.0329261 0.210874 0 
0.652226 0 0 0 0 0 0 0 0 1 0 0 0 0 0 0 0 0 0 0.295294 0.28968 0.338164 0 1 0 0 0 0 0 0 0 0 0 0 0 0 0 0 0 0 0 0 0 0 0 0 0 0 0 0 0 0 0 0 0 0 0 0 0 0 0 0 0 0 0 0 0 0 0 0 0 0 0 0 0 0 0 0 0 0 0 0 0 0 0 0 0.618764 0 0 0 0.459586 0.776765 0 
0.525859 0.368847 0.00402122 0.000860313 0.00036593 0 1.36428e-06 0.00105799 0 0 0.00255955 0.00132918 0.000167753 7.64683e-05 3.44279e-05 2.1303e-05 5.86254e-06 2.01015e-05 0.00475602 0.579285 0.444703 0.879589 6.51566e-06 0.999996 0.00224513 0.0625115 0.00186539 0.0621912 0.263896 0.167156 0.013671 0 0 0 0 0 1.51206e-06 9.71098e-06 0 0 0 4.35875e-06 0.000539399 0 6.43246e-05 0 0 0 0 4.06246e-06 0 0 0 0 0 0 0 0 3.09558e-06 0 0 0 0 0 0 0 0 2.53126e-06 0 0 0 7.9674e-07 0 0 1.53782e-06 0 0 0 0 0 0 0 0 0.00011903 0 0.448751 0.811818 0 0.793076 0.197949 0 0.367023 0.999996 
0.201675 0.0048424 0.00998492 0.130333 0.00272399 0 0.00138707 0.110027 0.00138134 0.999985 0.529645 0.00215066 0 0.12521 0.0027271 0.126853 0.0298811 0.00157648 0.00775671 0.541731 0.284165 0.135833 0.999982 0.999937 0.00498104 0.160723 0.132945 0.116437 0.260615 0.477734 0 0 0 0 0 0 0 1 0 0 0 0 0 0 0.00114661 0 0 0 0 0 0 0 0 0 0 0.00394722 0 0 0 0 0 0 0 0 0 0 0 0 0 0 0 0 0 0 0 0 0 0 0 0 0 0 0 0 0 0.0572823 0.302282 0 0 0 0 0 3.04756e-06 
0.0726798 0 0 0.0215785 0 0 0 0.0311228 0 0 0.0374504 0 0 0.102648 0 0.0204129 0.0160857 0 0 0.11469 0.527679 0.273521 1 0.999999 0 0.0303014 0.0293452 0.0503585 0.00688884 0.0746373 0 0 0 0 0 0 0 1.12e-06 0 0 0 0 0 0 0 0 0 0 0 0 0 0 0 0 0 0 0 0 0 0 0 0 0 0 0 0 0 0 0 0 0 0 0 0 0 0 0 0 0 0 0 0 0 0 0.0234963 0.170237 0.6598 0 0.34874 0 0.0347384 0 0 
0.524172 0.00166033 0.012227 0.447508 0.0155439 0.000187727 0.0292088 0.166676 0.00329286 3.84964e-06 0.174995 0.0328391 0.00342117 0.00597506 0.00876424 0.000566066 2.41067e-05 0.72652 0.0910091 0.640502 0.0750778 0.0509862 0.999801 0.999168 0.596707 0.0483459 0.124296 0.0100805 0.318331 0.0642164 0.000227808 0 0 0 0 3.31911e-06 0 0.999983 0 0.00217677 0.00253785 0 0.00471163 1.99925e-07 0.00518238 0 1.7967e-06 0.762635 0 0.000417897 0 0 0 0 0 0 0 0 0 0 0 0 4.61483e-06 0 0 6.16494e-05 1.02687e-06 0 0 0 0 0 2.8921e-07 1.1227e-07 0 0 0 0 0.00149083 0 0 0 0 3.39934e-05 0.748668 0 0.146135 0 0 0.830993 0.874057 0.304547 0.997584 
0.311045 1.15389e-06 8.77209e-06 4.43575e-06 2.13234e-07 0 1.87411e-07 4.80668e-06 1.00325e-07 0 5.65765e-06 1.21141e-06 0 4.22596e-06 3.95085e-07 9.48078e-06 1.20952e-06 4.49429e-07 2.23422e-06 0.810603 0.950614 0.452715 0 1 5.91915e-07 8.13321e-06 4.41479e-06 5.5414e-06 2.04802e-06 7.46913e-06 0 0 0 0 0 0 0 1 0 0 0 0 0 0 2.92094e-07 0 0 0 0 0 0 0 0 0 0 0 0 0 0 0 0 0 0 0 0 0 0 0 0 0 0 0 0 0 0 0 0 0 0 0 0 0 0 0 0 0.0448049 0.894397 0 0 0 0.488044 0 1 
0.360831 0 0 0 0 0 0 0 0 1 0 0 0 0 0 0 0 0 0 0.600773 0.119786 0.397182 1 0 0 0 0 0 0 0 0 0 0 0 0 0 0 0 0 0 0 0 0 0 0 0 0 0 0 0 0 0 0 0 0 0 0 0 0 0 0 0 0 0 0 0 0 0 0 0 0 0 0 0 0 0 0 0 0 0 0 0 0 0 0.957706 0 0.95273 0.249176 0 0 0 0.823369 1 
0.192804 1.29608e-05 5.53195e-05 0.000876564 2.92801e-05 0.000212114 0.00036733 0.0092096 1.47823e-07 0 0.0126546 9.29439e-05 0 5.73094e-07 1.49792e-05 0 0 2.15737e-05 4.38798e-05 0.684467 0.78593 0.667002 0 1 3.5289e-06 0.0136561 0.000974326 0.00937773 1.27427e-06 2.90631e-05 0 0 0 0 0 0 0 1.11743e-07 0 0 0 0 0 0 0 0 0 0 0 0 0 0 0 0 0 0 0 0 0 0 0 0 0 0 0 0 0 0 0 0 0 0 0 0 0 0 0 0 0 0 0 0 0 0 0.747284 0.226734 0.17709 0 0 0 0.0226996 0.981855 1 
0.607132 0 0 0 0 0 0 0 0 0 5.69288e-06 0 0 0 0 0 0 0 0 0.395555 0.924614 0.671956 0 1 0 0 0 0 4.20304e-06 4.79681e-06 0 0 0 0 0 0 0 0 0 0 0 0 0 0 0 0 0 0 0 0 0 0 0 0 0 0 0 0 0 0 0 0 0 0 0 0 0 0 0 0 0 0 0 0 0 0 0 0 0 0 0 0 0 0 0 0.947639 0.968015 0 0.588307 0 0.0167578 0 1 
0.381965 0 0 0 0 0 1.46989e-05 0 0 1 0 0 0 0 0 0 0 0 0 0.10863 0.94835 0.24447 0 1 0 1.76372e-05 0.000440959 1.05505e-05 0.000144764 0 0 0 0 0 0 0 0 0 0 0 0 0 0 0 0 0 0 0 0 0 0 0 0 0 0 0 0 0 0 0 0 0 0 0 0 0 0 0 0 0 0 0 0 0 0 0 0 0 0 0 0 0 0 0 0.339931 0.538239 0.899031 0 0 0 0 0 1 
0.042221 0.64376 0.634466 0.0782791 0.62649 1.67936e-05 0.0210266 0.705891 0.665958 0.999726 0.167212 0.737044 0 0 0.0347973 0.020976 0.00168086 8.79512e-05 0.548449 0.669196 0.0324742 0.0499822 0.999894 0.999142 0.00102702 0.580731 0.106941 0.833322 0 0.616278 0 0 0 0 0 0 0 0.00184177 0.702666 0 0 0 0.655763 0 0 0 0 0 0 0 0 0 0 0.833329 0 0 0 0 1.82066e-06 0 0 0 0 0 0 0 0 0 0 0 0 0.763979 0 0 0 0 0 0 0 0 0 0 0 0 0.498673 0.0151236 0.506561 0 0.392877 0.150212 0.0915122 0 0.998184 
0.483855 0 0 0 0 0 2.95039e-07 0 0 1 0 0 0 0 0 0 0 0 0 0.805223 0.779624 0.417316 0 1 0 0 0 0 2.13251e-07 0 0 0 0 0 0 0 0 1 0 0 0 0 0 0 0 0 0 0 0 0 0 0 0 0 0 0 0 0 0 0 0 0 0 0 0 0 0 0 0 0 0 0 0 0 0 0 0 0 0 0 0 0 0 0 0.130912 0.679053 0.569654 0.364962 0 0 0.560908 0.898218 1 
0.404474 0 0 0 0 0 0 0 0 0 0 0 0 0 0 0 0 0 0 0.873919 0.353601 0.602784 0 0 0 0 0 0 0 0 0 0 0 0 0 0 0 0 0 0 0 0 0 0 0 0 0 0 0 0 0 0 0 0 0 0 0 0 0 0 0 0 0 0 0 0 0 0 0 0 0 0 0 0 0 0 0 0 0 0 0 0 0 0 0 0.0664393 0.699651 0 0 0 0.303679 0.919417 1 
0.0557979 5.82216e-05 0.043603 0.0102541 0.0523146 0.00145553 0.00434547 0.0524694 0.0375289 0.999739 0.423926 0.0985623 0.00953859 0.00404845 0.00452811 0.637191 0.00053014 0.00465374 0.0963721 0.693348 0.150834 0.0498296 0.0011356 0.999237 0.0142828 0.12676 0.210447 0.102137 0.095264 0.17284 4.37558e-06 0 0 0 0 2.29774e-06 0 0.00182712 1.22264e-05 0.000193542 0.00092992 0 0.000148332 0 0.000169268 0 2.52763e-06 0.000233584 0 5.91605e-05 0 0 0 0 0 0 0 0 4.2908e-07 9.08229e-06 0 0 0 0 0 0 0 0 0 0 0 0.00710733 1.12688e-05 0 1.39529e-07 0 0 3.75658e-06 0 3.63584e-07 0 0 0 7.37762e-07 0.412612 0 0.635602 0.457373 0 0.516708 0.0797461 0.647881 0.998431 
0.716237 0.000261144 0.00216161 0.00164245 0.000462071 0 0.000153664 0.0013168 0.000175075 0 0.00310174 0.000326377 0 0.000504515 0.000683545 0.000464397 0 0.000374757 0.00282201 0.678891 0.644609 0.180222 0 0 0.00158615 0.00230492 0.00103225 0.000265276 0.0016727 0.00233725 0 0 0 0 0 0 0 1 0 0 0 0 0 0 0.000169708 0 0 0 0 0 0 0 0 0 0 0.000210529 0 0 0 0 0 0 0 0 0 0 0 0 0 0 0 0 0 0 0 0 0 0 0 0 0 0 0 0 0 0.418807 0.855187 0 0 0 0.253542 0 1 
0.76453 0 0 0 0 0 0 0 0 0 0 0 0 0 0 0 0 0 0 0.182419 0.443762 0.778089 1 1 0 0 0 0 0 0 0 0 0 0 0 0 0 0 0 0 0 0 0 0 0 0 0 0 0 0 0 0 0 0 0 0 0 0 0 0 0 0 0 0 0 0 0 0 0 0 0 0 0 0 0 0 0 0 0 0 0 0 0 0 0.498418 0.109271 0.0391509 0 0.522613 0 0.428793 0.840321 1 
0.676801 0 0 0 0 0 0 0 0 0 0 0 0 0 0 0 0 0 0 0.00167113 0.417204 0.901563 0 0 0 0 0 0 0 0 0 0 0 0 0 0 0 1 0 0 0 0 0 0 0 0 0 0 0 0 0 0 0 0 0 0 0 0 0 0 0 0 0 0 0 0 0 0 0 0 0 0 0 0 0 0 0 0 0 0 0 0 0 0 0.643506 0.0716001 0.778524 0 0 0 0 0.796151 0 
0.633551 0 0 0 0 0 0 0 0 1 0.000592244 0 0 0 0 0 0 0 0 0.443243 0.0703867 0.294357 0 0 0 0 0 0 0.000439101 0.000496299 0 0 0 0 0 0 0 1 0 0 0 0 0 0 0 0 0 0 0 0 0 0 0 0 0 0 0 0 0 0 0 0 0 0 0 0 0 0 0 0 0 0 0 0 0 0 0 0 0 0 0 0 0 0 0 0.892041 0.22208 0 0.647955 0 0.114483 0 1 
0.553514 0.00969563 0.0213278 0.0121173 0.000332345 4.62448e-06 0.334042 0.0144437 2.09826e-06 0.999893 0.151766 0.106153 0.00824242 0.000460111 0.0822319 0 1.5897e-06 0.00816565 0.0273508 0.713998 0.0998953 0.0906159 0.000327238 6.03247e-05 0.00245897 0.0501845 0.301949 0.0216269 0.326366 0.0382234 0 0 0 0 0 0.0143105 0 0.000830836 0 1.4935e-07 0.000597027 0 6.72265e-05 2.85357e-07 0.000272185 0 0 5.76749e-06 0 2.89131e-07 0 0 0 0 0 0 3.26204e-05 0 0 0 0 1.03706e-07 0 0 0 0 0 0 0 0 0 0 0 0 0 0 0 0 5.54614e-05 0 0 0 0 3.04888e-06 0.950478 0.827807 0.130749 0 0 0 0.815101 0 0.999564 
0.605034 0 0 0 0 0 0 0 0 0 0.0403117 0 0 0 0 0 0 0 0 0.314836 0.540087 0.134942 1 0 0 0 0 0 0.0308518 0.0357311 0 0 0 0 0 0 0 1 0 0 0 0 0 0 0 0 0 0 0 0 0 0 0 0 0 0 0 0 0 0 0 0 0 0 0 0 0 0 0 0 0 0 0 0 0 0 0 0 0 0 0 0 0 0 0 0.334466 0.831006 0 0.179681 0 0.79719 0 0 
0.46518 2.79388e-05 1.28039e-05 0.000112363 0.000658838 0 0.0884395 1.86918e-05 0.00914702 0 7.82502e-05 1.42119e-06 1.07707e-05 9.29962e-07 8.48214e-05 0 0 0.000219807 0.000717076 0.0212884 0.225759 0.875751 1 0 0.000159408 3.14207e-05 0.000257441 2.11876e-07 0.077277 0.000916829 0 0 0 0 0 0 0 5.28174e-07 2.82258e-06 0 2.09182e-06 0 0 0 0 0 0 1.40288e-06 0 0 0 0 0 0 0 0 0 0 0 0 0 0 0 0 0 0 0 0 0 0 0 0 0 0 0 0 7.12717e-07 0 0 0 0 0 0 0 0 0.932105 0.449997 0.167714 0.0295883 0 0.846883 0.659502 0 
0.329988 0 0 0 0 0 1.61746e-06 0 0 0 0 0 0 0 0 0 0 0 0 0.329391 0.533942 0.0499228 0 0 0 0 0 0 1.17528e-06 0 0 0 0 0 0 0 0 1 0 0 0 0 0 0 0 0 0 0 0 0 0 0 0 0 0 0 0 0 0 0 0 0 0 0 0 0 0 0 0 0 0 0 0 0 0 0 0 0 0 0 0 0 0 0 0.613193 0.908577 0.574955 0.394018 0 0 0.834641 0.631465 0 
0.4593 5.82062e-05 0.000747132 0.000811683 0.000232206 0 7.53979e-05 0.000294491 8.80308e-05 0 0.000982196 9.64224e-05 0 0.000147227 8.16029e-05 7.34456e-05 0 8.49582e-05 0.000631877 0.195507 0.521394 0.373548 0 1 0.000425729 0.00092595 0.000397102 9.91751e-05 0.000454883 0.000827023 0 0 0 0 0 0 0 0 0 0 0 0 0 0 3.64097e-05 0 0 0 0 0 0 0 0 0 0 0.000105946 0 0 0 0 0 0 0 0 0 0 0 0 0 0 0 0 0 0 0 0 0 0 0 0 0 0 0 0 0.104721 0.0342303 0.939514 0.426642 0 0 0.0727812 0 1 
